1678
MST_01 MST_02 MST_03 MST_04 MST_05 MST_06 MST_07 MST_08 MST_09 MST_10
MST_01/00003.jpg 1 -1 -1 -1 -1 -1 -1 -1 -1 -1
MST_01/00004.jpg 1 -1 -1 -1 -1 -1 -1 -1 -1 -1
MST_01/00011.jpg 1 -1 -1 -1 -1 -1 -1 -1 -1 -1
MST_01/00017.jpg 1 -1 -1 -1 -1 -1 -1 -1 -1 -1
MST_01/00027.jpg 1 -1 -1 -1 -1 -1 -1 -1 -1 -1
MST_01/00036.jpg 1 -1 -1 -1 -1 -1 -1 -1 -1 -1
MST_01/00038.jpg 1 -1 -1 -1 -1 -1 -1 -1 -1 -1
MST_01/00039.jpg 1 -1 -1 -1 -1 -1 -1 -1 -1 -1
MST_01/00041.jpg 1 -1 -1 -1 -1 -1 -1 -1 -1 -1
MST_01/00045.jpg 1 -1 -1 -1 -1 -1 -1 -1 -1 -1
MST_01/00047.jpg 1 -1 -1 -1 -1 -1 -1 -1 -1 -1
MST_01/00051.jpg 1 -1 -1 -1 -1 -1 -1 -1 -1 -1
MST_01/00056.jpg 1 -1 -1 -1 -1 -1 -1 -1 -1 -1
MST_01/00070.jpg 1 -1 -1 -1 -1 -1 -1 -1 -1 -1
MST_01/00071.jpg 1 -1 -1 -1 -1 -1 -1 -1 -1 -1
MST_01/00074.jpg 1 -1 -1 -1 -1 -1 -1 -1 -1 -1
MST_01/00078.jpg 1 -1 -1 -1 -1 -1 -1 -1 -1 -1
MST_01/00088.jpg 1 -1 -1 -1 -1 -1 -1 -1 -1 -1
MST_01/00097.jpg 1 -1 -1 -1 -1 -1 -1 -1 -1 -1
MST_01/00098.jpg 1 -1 -1 -1 -1 -1 -1 -1 -1 -1
MST_01/00101.jpg 1 -1 -1 -1 -1 -1 -1 -1 -1 -1
MST_01/00108.jpg 1 -1 -1 -1 -1 -1 -1 -1 -1 -1
MST_01/00112.jpg 1 -1 -1 -1 -1 -1 -1 -1 -1 -1
MST_01/00124.jpg 1 -1 -1 -1 -1 -1 -1 -1 -1 -1
MST_01/00125.jpg 1 -1 -1 -1 -1 -1 -1 -1 -1 -1
MST_01/00132.jpg 1 -1 -1 -1 -1 -1 -1 -1 -1 -1
MST_01/00134.jpg 1 -1 -1 -1 -1 -1 -1 -1 -1 -1
MST_01/00135.jpg 1 -1 -1 -1 -1 -1 -1 -1 -1 -1
MST_01/00140.jpg 1 -1 -1 -1 -1 -1 -1 -1 -1 -1
MST_01/00144.jpg 1 -1 -1 -1 -1 -1 -1 -1 -1 -1
MST_01/00145.jpg 1 -1 -1 -1 -1 -1 -1 -1 -1 -1
MST_01/00147.jpg 1 -1 -1 -1 -1 -1 -1 -1 -1 -1
MST_01/00154.jpg 1 -1 -1 -1 -1 -1 -1 -1 -1 -1
MST_01/00159.jpg 1 -1 -1 -1 -1 -1 -1 -1 -1 -1
MST_01/00161.jpg 1 -1 -1 -1 -1 -1 -1 -1 -1 -1
MST_01/00164.jpg 1 -1 -1 -1 -1 -1 -1 -1 -1 -1
MST_01/00172.jpg 1 -1 -1 -1 -1 -1 -1 -1 -1 -1
MST_01/00188.jpg 1 -1 -1 -1 -1 -1 -1 -1 -1 -1
MST_01/00189.jpg 1 -1 -1 -1 -1 -1 -1 -1 -1 -1
MST_01/00198.jpg 1 -1 -1 -1 -1 -1 -1 -1 -1 -1
MST_01/00209.jpg 1 -1 -1 -1 -1 -1 -1 -1 -1 -1
MST_01/00212.jpg 1 -1 -1 -1 -1 -1 -1 -1 -1 -1
MST_01/00217.jpg 1 -1 -1 -1 -1 -1 -1 -1 -1 -1
MST_01/00218.jpg 1 -1 -1 -1 -1 -1 -1 -1 -1 -1
MST_01/00226.jpg 1 -1 -1 -1 -1 -1 -1 -1 -1 -1
MST_01/00227.jpg 1 -1 -1 -1 -1 -1 -1 -1 -1 -1
MST_01/00228.jpg 1 -1 -1 -1 -1 -1 -1 -1 -1 -1
MST_01/00230.jpg 1 -1 -1 -1 -1 -1 -1 -1 -1 -1
MST_01/00234.jpg 1 -1 -1 -1 -1 -1 -1 -1 -1 -1
MST_01/00235.jpg 1 -1 -1 -1 -1 -1 -1 -1 -1 -1
MST_01/00236.jpg 1 -1 -1 -1 -1 -1 -1 -1 -1 -1
MST_01/00242.jpg 1 -1 -1 -1 -1 -1 -1 -1 -1 -1
MST_01/00245.jpg 1 -1 -1 -1 -1 -1 -1 -1 -1 -1
MST_01/00246.jpg 1 -1 -1 -1 -1 -1 -1 -1 -1 -1
MST_01/00256.jpg 1 -1 -1 -1 -1 -1 -1 -1 -1 -1
MST_01/00259.jpg 1 -1 -1 -1 -1 -1 -1 -1 -1 -1
MST_01/00261.jpg 1 -1 -1 -1 -1 -1 -1 -1 -1 -1
MST_01/00263.jpg 1 -1 -1 -1 -1 -1 -1 -1 -1 -1
MST_01/00274.jpg 1 -1 -1 -1 -1 -1 -1 -1 -1 -1
MST_01/00275.jpg 1 -1 -1 -1 -1 -1 -1 -1 -1 -1
MST_01/00276.jpg 1 -1 -1 -1 -1 -1 -1 -1 -1 -1
MST_01/00283.jpg 1 -1 -1 -1 -1 -1 -1 -1 -1 -1
MST_01/00286.jpg 1 -1 -1 -1 -1 -1 -1 -1 -1 -1
MST_01/00287.jpg 1 -1 -1 -1 -1 -1 -1 -1 -1 -1
MST_01/00292.jpg 1 -1 -1 -1 -1 -1 -1 -1 -1 -1
MST_01/00310.jpg 1 -1 -1 -1 -1 -1 -1 -1 -1 -1
MST_01/00311.jpg 1 -1 -1 -1 -1 -1 -1 -1 -1 -1
MST_01/00312.jpg 1 -1 -1 -1 -1 -1 -1 -1 -1 -1
MST_01/00316.jpg 1 -1 -1 -1 -1 -1 -1 -1 -1 -1
MST_01/00322.jpg 1 -1 -1 -1 -1 -1 -1 -1 -1 -1
MST_01/00323.jpg 1 -1 -1 -1 -1 -1 -1 -1 -1 -1
MST_01/00329.jpg 1 -1 -1 -1 -1 -1 -1 -1 -1 -1
MST_01/00337.jpg 1 -1 -1 -1 -1 -1 -1 -1 -1 -1
MST_01/00338.jpg 1 -1 -1 -1 -1 -1 -1 -1 -1 -1
MST_01/00339.jpg 1 -1 -1 -1 -1 -1 -1 -1 -1 -1
MST_01/00341.jpg 1 -1 -1 -1 -1 -1 -1 -1 -1 -1
MST_01/00352.jpg 1 -1 -1 -1 -1 -1 -1 -1 -1 -1
MST_01/00359.jpg 1 -1 -1 -1 -1 -1 -1 -1 -1 -1
MST_01/00368.jpg 1 -1 -1 -1 -1 -1 -1 -1 -1 -1
MST_01/00373.jpg 1 -1 -1 -1 -1 -1 -1 -1 -1 -1
MST_01/00378.jpg 1 -1 -1 -1 -1 -1 -1 -1 -1 -1
MST_01/00380.jpg 1 -1 -1 -1 -1 -1 -1 -1 -1 -1
MST_01/00382.jpg 1 -1 -1 -1 -1 -1 -1 -1 -1 -1
MST_01/00386.jpg 1 -1 -1 -1 -1 -1 -1 -1 -1 -1
MST_01/00388.jpg 1 -1 -1 -1 -1 -1 -1 -1 -1 -1
MST_01/00389.jpg 1 -1 -1 -1 -1 -1 -1 -1 -1 -1
MST_01/00402.jpg 1 -1 -1 -1 -1 -1 -1 -1 -1 -1
MST_01/00404.jpg 1 -1 -1 -1 -1 -1 -1 -1 -1 -1
MST_01/00408.jpg 1 -1 -1 -1 -1 -1 -1 -1 -1 -1
MST_01/00410.jpg 1 -1 -1 -1 -1 -1 -1 -1 -1 -1
MST_01/00416.jpg 1 -1 -1 -1 -1 -1 -1 -1 -1 -1
MST_01/00417.jpg 1 -1 -1 -1 -1 -1 -1 -1 -1 -1
MST_01/00436.jpg 1 -1 -1 -1 -1 -1 -1 -1 -1 -1
MST_01/00453.jpg 1 -1 -1 -1 -1 -1 -1 -1 -1 -1
MST_01/00457.jpg 1 -1 -1 -1 -1 -1 -1 -1 -1 -1
MST_01/00459.jpg 1 -1 -1 -1 -1 -1 -1 -1 -1 -1
MST_01/00461.jpg 1 -1 -1 -1 -1 -1 -1 -1 -1 -1
MST_01/00476.jpg 1 -1 -1 -1 -1 -1 -1 -1 -1 -1
MST_01/00479.jpg 1 -1 -1 -1 -1 -1 -1 -1 -1 -1
MST_01/00481.jpg 1 -1 -1 -1 -1 -1 -1 -1 -1 -1
MST_01/00496.jpg 1 -1 -1 -1 -1 -1 -1 -1 -1 -1
MST_01/00503.jpg 1 -1 -1 -1 -1 -1 -1 -1 -1 -1
MST_01/00505.jpg 1 -1 -1 -1 -1 -1 -1 -1 -1 -1
MST_01/00506.jpg 1 -1 -1 -1 -1 -1 -1 -1 -1 -1
MST_01/00510.jpg 1 -1 -1 -1 -1 -1 -1 -1 -1 -1
MST_01/00514.jpg 1 -1 -1 -1 -1 -1 -1 -1 -1 -1
MST_01/00517.jpg 1 -1 -1 -1 -1 -1 -1 -1 -1 -1
MST_01/00522.jpg 1 -1 -1 -1 -1 -1 -1 -1 -1 -1
MST_01/00523.jpg 1 -1 -1 -1 -1 -1 -1 -1 -1 -1
MST_01/00525.jpg 1 -1 -1 -1 -1 -1 -1 -1 -1 -1
MST_01/00546.jpg 1 -1 -1 -1 -1 -1 -1 -1 -1 -1
MST_01/00550.jpg 1 -1 -1 -1 -1 -1 -1 -1 -1 -1
MST_01/00557.jpg 1 -1 -1 -1 -1 -1 -1 -1 -1 -1
MST_01/00574.jpg 1 -1 -1 -1 -1 -1 -1 -1 -1 -1
MST_01/00576.jpg 1 -1 -1 -1 -1 -1 -1 -1 -1 -1
MST_01/00581.jpg 1 -1 -1 -1 -1 -1 -1 -1 -1 -1
MST_01/00585.jpg 1 -1 -1 -1 -1 -1 -1 -1 -1 -1
MST_01/00601.jpg 1 -1 -1 -1 -1 -1 -1 -1 -1 -1
MST_01/00602.jpg 1 -1 -1 -1 -1 -1 -1 -1 -1 -1
MST_01/00609.jpg 1 -1 -1 -1 -1 -1 -1 -1 -1 -1
MST_01/00610.jpg 1 -1 -1 -1 -1 -1 -1 -1 -1 -1
MST_01/00614.jpg 1 -1 -1 -1 -1 -1 -1 -1 -1 -1
MST_01/00625.jpg 1 -1 -1 -1 -1 -1 -1 -1 -1 -1
MST_01/00629.jpg 1 -1 -1 -1 -1 -1 -1 -1 -1 -1
MST_01/00631.jpg 1 -1 -1 -1 -1 -1 -1 -1 -1 -1
MST_01/00635.jpg 1 -1 -1 -1 -1 -1 -1 -1 -1 -1
MST_01/00636.jpg 1 -1 -1 -1 -1 -1 -1 -1 -1 -1
MST_01/00639.jpg 1 -1 -1 -1 -1 -1 -1 -1 -1 -1
MST_01/00646.jpg 1 -1 -1 -1 -1 -1 -1 -1 -1 -1
MST_01/00647.jpg 1 -1 -1 -1 -1 -1 -1 -1 -1 -1
MST_01/00650.jpg 1 -1 -1 -1 -1 -1 -1 -1 -1 -1
MST_01/00656.jpg 1 -1 -1 -1 -1 -1 -1 -1 -1 -1
MST_01/00661.jpg 1 -1 -1 -1 -1 -1 -1 -1 -1 -1
MST_01/00663.jpg 1 -1 -1 -1 -1 -1 -1 -1 -1 -1
MST_01/00665.jpg 1 -1 -1 -1 -1 -1 -1 -1 -1 -1
MST_01/00670.jpg 1 -1 -1 -1 -1 -1 -1 -1 -1 -1
MST_01/00671.jpg 1 -1 -1 -1 -1 -1 -1 -1 -1 -1
MST_01/00672.jpg 1 -1 -1 -1 -1 -1 -1 -1 -1 -1
MST_01/00676.jpg 1 -1 -1 -1 -1 -1 -1 -1 -1 -1
MST_01/00684.jpg 1 -1 -1 -1 -1 -1 -1 -1 -1 -1
MST_01/00713.jpg 1 -1 -1 -1 -1 -1 -1 -1 -1 -1
MST_01/00718.jpg 1 -1 -1 -1 -1 -1 -1 -1 -1 -1
MST_01/00721.jpg 1 -1 -1 -1 -1 -1 -1 -1 -1 -1
MST_01/00724.jpg 1 -1 -1 -1 -1 -1 -1 -1 -1 -1
MST_01/00731.jpg 1 -1 -1 -1 -1 -1 -1 -1 -1 -1
MST_01/00741.jpg 1 -1 -1 -1 -1 -1 -1 -1 -1 -1
MST_01/00743.jpg 1 -1 -1 -1 -1 -1 -1 -1 -1 -1
MST_01/00748.jpg 1 -1 -1 -1 -1 -1 -1 -1 -1 -1
MST_01/00750.jpg 1 -1 -1 -1 -1 -1 -1 -1 -1 -1
MST_01/00755.jpg 1 -1 -1 -1 -1 -1 -1 -1 -1 -1
MST_01/00766.jpg 1 -1 -1 -1 -1 -1 -1 -1 -1 -1
MST_01/00771.jpg 1 -1 -1 -1 -1 -1 -1 -1 -1 -1
MST_01/00778.jpg 1 -1 -1 -1 -1 -1 -1 -1 -1 -1
MST_01/00781.jpg 1 -1 -1 -1 -1 -1 -1 -1 -1 -1
MST_01/00785.jpg 1 -1 -1 -1 -1 -1 -1 -1 -1 -1
MST_01/00787.jpg 1 -1 -1 -1 -1 -1 -1 -1 -1 -1
MST_01/00794.jpg 1 -1 -1 -1 -1 -1 -1 -1 -1 -1
MST_01/00799.jpg 1 -1 -1 -1 -1 -1 -1 -1 -1 -1
MST_01/00809.jpg 1 -1 -1 -1 -1 -1 -1 -1 -1 -1
MST_01/00812.jpg 1 -1 -1 -1 -1 -1 -1 -1 -1 -1
MST_01/00816.jpg 1 -1 -1 -1 -1 -1 -1 -1 -1 -1
MST_01/00818.jpg 1 -1 -1 -1 -1 -1 -1 -1 -1 -1
MST_01/00821.jpg 1 -1 -1 -1 -1 -1 -1 -1 -1 -1
MST_01/00824.jpg 1 -1 -1 -1 -1 -1 -1 -1 -1 -1
MST_01/00826.jpg 1 -1 -1 -1 -1 -1 -1 -1 -1 -1
MST_01/00829.jpg 1 -1 -1 -1 -1 -1 -1 -1 -1 -1
MST_01/00833.jpg 1 -1 -1 -1 -1 -1 -1 -1 -1 -1
MST_01/00835.jpg 1 -1 -1 -1 -1 -1 -1 -1 -1 -1
MST_01/00838.jpg 1 -1 -1 -1 -1 -1 -1 -1 -1 -1
MST_01/00840.jpg 1 -1 -1 -1 -1 -1 -1 -1 -1 -1
MST_01/00847.jpg 1 -1 -1 -1 -1 -1 -1 -1 -1 -1
MST_01/00861.jpg 1 -1 -1 -1 -1 -1 -1 -1 -1 -1
MST_01/00867.jpg 1 -1 -1 -1 -1 -1 -1 -1 -1 -1
MST_01/00871.jpg 1 -1 -1 -1 -1 -1 -1 -1 -1 -1
MST_01/00875.jpg 1 -1 -1 -1 -1 -1 -1 -1 -1 -1
MST_01/00880.jpg 1 -1 -1 -1 -1 -1 -1 -1 -1 -1
MST_01/00889.jpg 1 -1 -1 -1 -1 -1 -1 -1 -1 -1
MST_01/00890.jpg 1 -1 -1 -1 -1 -1 -1 -1 -1 -1
MST_01/00909.jpg 1 -1 -1 -1 -1 -1 -1 -1 -1 -1
MST_01/00921.jpg 1 -1 -1 -1 -1 -1 -1 -1 -1 -1
MST_01/00924.jpg 1 -1 -1 -1 -1 -1 -1 -1 -1 -1
MST_01/00943.jpg 1 -1 -1 -1 -1 -1 -1 -1 -1 -1
MST_01/00944.jpg 1 -1 -1 -1 -1 -1 -1 -1 -1 -1
MST_01/00947.jpg 1 -1 -1 -1 -1 -1 -1 -1 -1 -1
MST_01/00955.jpg 1 -1 -1 -1 -1 -1 -1 -1 -1 -1
MST_01/00960.jpg 1 -1 -1 -1 -1 -1 -1 -1 -1 -1
MST_01/00965.jpg 1 -1 -1 -1 -1 -1 -1 -1 -1 -1
MST_01/00971.jpg 1 -1 -1 -1 -1 -1 -1 -1 -1 -1
MST_01/00983.jpg 1 -1 -1 -1 -1 -1 -1 -1 -1 -1
MST_01/00985.jpg 1 -1 -1 -1 -1 -1 -1 -1 -1 -1
MST_01/00994.jpg 1 -1 -1 -1 -1 -1 -1 -1 -1 -1
MST_01/00997.jpg 1 -1 -1 -1 -1 -1 -1 -1 -1 -1
MST_01/01002.jpg 1 -1 -1 -1 -1 -1 -1 -1 -1 -1
MST_01/01006.jpg 1 -1 -1 -1 -1 -1 -1 -1 -1 -1
MST_01/01007.jpg 1 -1 -1 -1 -1 -1 -1 -1 -1 -1
MST_01/01012.jpg 1 -1 -1 -1 -1 -1 -1 -1 -1 -1
MST_01/01016.jpg 1 -1 -1 -1 -1 -1 -1 -1 -1 -1
MST_01/01019.jpg 1 -1 -1 -1 -1 -1 -1 -1 -1 -1
MST_01/01023.jpg 1 -1 -1 -1 -1 -1 -1 -1 -1 -1
MST_01/01024.jpg 1 -1 -1 -1 -1 -1 -1 -1 -1 -1
MST_01/01030.jpg 1 -1 -1 -1 -1 -1 -1 -1 -1 -1
MST_01/01031.jpg 1 -1 -1 -1 -1 -1 -1 -1 -1 -1
MST_01/01036.jpg 1 -1 -1 -1 -1 -1 -1 -1 -1 -1
MST_01/01056.jpg 1 -1 -1 -1 -1 -1 -1 -1 -1 -1
MST_01/01057.jpg 1 -1 -1 -1 -1 -1 -1 -1 -1 -1
MST_01/01059.jpg 1 -1 -1 -1 -1 -1 -1 -1 -1 -1
MST_01/01063.jpg 1 -1 -1 -1 -1 -1 -1 -1 -1 -1
MST_01/01077.jpg 1 -1 -1 -1 -1 -1 -1 -1 -1 -1
MST_01/01080.jpg 1 -1 -1 -1 -1 -1 -1 -1 -1 -1
MST_01/01082.jpg 1 -1 -1 -1 -1 -1 -1 -1 -1 -1
MST_01/01083.jpg 1 -1 -1 -1 -1 -1 -1 -1 -1 -1
MST_01/01085.jpg 1 -1 -1 -1 -1 -1 -1 -1 -1 -1
MST_01/01100.jpg 1 -1 -1 -1 -1 -1 -1 -1 -1 -1
MST_01/01107.jpg 1 -1 -1 -1 -1 -1 -1 -1 -1 -1
MST_01/01114.jpg 1 -1 -1 -1 -1 -1 -1 -1 -1 -1
MST_01/01134.jpg 1 -1 -1 -1 -1 -1 -1 -1 -1 -1
MST_01/01138.jpg 1 -1 -1 -1 -1 -1 -1 -1 -1 -1
MST_01/01151.jpg 1 -1 -1 -1 -1 -1 -1 -1 -1 -1
MST_01/01152.jpg 1 -1 -1 -1 -1 -1 -1 -1 -1 -1
MST_01/01170.jpg 1 -1 -1 -1 -1 -1 -1 -1 -1 -1
MST_01/01172.jpg 1 -1 -1 -1 -1 -1 -1 -1 -1 -1
MST_01/01173.jpg 1 -1 -1 -1 -1 -1 -1 -1 -1 -1
MST_01/01175.jpg 1 -1 -1 -1 -1 -1 -1 -1 -1 -1
MST_01/01176.jpg 1 -1 -1 -1 -1 -1 -1 -1 -1 -1
MST_01/01178.jpg 1 -1 -1 -1 -1 -1 -1 -1 -1 -1
MST_01/01196.jpg 1 -1 -1 -1 -1 -1 -1 -1 -1 -1
MST_01/01204.jpg 1 -1 -1 -1 -1 -1 -1 -1 -1 -1
MST_01/01205.jpg 1 -1 -1 -1 -1 -1 -1 -1 -1 -1
MST_01/01207.jpg 1 -1 -1 -1 -1 -1 -1 -1 -1 -1
MST_01/01212.jpg 1 -1 -1 -1 -1 -1 -1 -1 -1 -1
MST_01/01218.jpg 1 -1 -1 -1 -1 -1 -1 -1 -1 -1
MST_01/01219.jpg 1 -1 -1 -1 -1 -1 -1 -1 -1 -1
MST_01/01223.jpg 1 -1 -1 -1 -1 -1 -1 -1 -1 -1
MST_01/01226.jpg 1 -1 -1 -1 -1 -1 -1 -1 -1 -1
MST_01/01227.jpg 1 -1 -1 -1 -1 -1 -1 -1 -1 -1
MST_01/01249.jpg 1 -1 -1 -1 -1 -1 -1 -1 -1 -1
MST_01/01265.jpg 1 -1 -1 -1 -1 -1 -1 -1 -1 -1
MST_01/01271.jpg 1 -1 -1 -1 -1 -1 -1 -1 -1 -1
MST_01/01275.jpg 1 -1 -1 -1 -1 -1 -1 -1 -1 -1
MST_01/01277.jpg 1 -1 -1 -1 -1 -1 -1 -1 -1 -1
MST_01/01280.jpg 1 -1 -1 -1 -1 -1 -1 -1 -1 -1
MST_01/01283.jpg 1 -1 -1 -1 -1 -1 -1 -1 -1 -1
MST_01/01288.jpg 1 -1 -1 -1 -1 -1 -1 -1 -1 -1
MST_01/01291.jpg 1 -1 -1 -1 -1 -1 -1 -1 -1 -1
MST_01/01299.jpg 1 -1 -1 -1 -1 -1 -1 -1 -1 -1
MST_01/01300.jpg 1 -1 -1 -1 -1 -1 -1 -1 -1 -1
MST_01/01306.jpg 1 -1 -1 -1 -1 -1 -1 -1 -1 -1
MST_01/01312.jpg 1 -1 -1 -1 -1 -1 -1 -1 -1 -1
MST_01/01324.jpg 1 -1 -1 -1 -1 -1 -1 -1 -1 -1
MST_01/01328.jpg 1 -1 -1 -1 -1 -1 -1 -1 -1 -1
MST_01/01335.jpg 1 -1 -1 -1 -1 -1 -1 -1 -1 -1
MST_01/01342.jpg 1 -1 -1 -1 -1 -1 -1 -1 -1 -1
MST_01/01347.jpg 1 -1 -1 -1 -1 -1 -1 -1 -1 -1
MST_01/01357.jpg 1 -1 -1 -1 -1 -1 -1 -1 -1 -1
MST_01/01360.jpg 1 -1 -1 -1 -1 -1 -1 -1 -1 -1
MST_01/01373.jpg 1 -1 -1 -1 -1 -1 -1 -1 -1 -1
MST_01/01375.jpg 1 -1 -1 -1 -1 -1 -1 -1 -1 -1
MST_01/01378.jpg 1 -1 -1 -1 -1 -1 -1 -1 -1 -1
MST_01/01381.jpg 1 -1 -1 -1 -1 -1 -1 -1 -1 -1
MST_01/01395.jpg 1 -1 -1 -1 -1 -1 -1 -1 -1 -1
MST_01/01398.jpg 1 -1 -1 -1 -1 -1 -1 -1 -1 -1
MST_01/01400.jpg 1 -1 -1 -1 -1 -1 -1 -1 -1 -1
MST_01/01417.jpg 1 -1 -1 -1 -1 -1 -1 -1 -1 -1
MST_01/01431.jpg 1 -1 -1 -1 -1 -1 -1 -1 -1 -1
MST_01/01438.jpg 1 -1 -1 -1 -1 -1 -1 -1 -1 -1
MST_01/01461.jpg 1 -1 -1 -1 -1 -1 -1 -1 -1 -1
MST_01/01463.jpg 1 -1 -1 -1 -1 -1 -1 -1 -1 -1
MST_01/01467.jpg 1 -1 -1 -1 -1 -1 -1 -1 -1 -1
MST_01/01471.jpg 1 -1 -1 -1 -1 -1 -1 -1 -1 -1
MST_01/01474.jpg 1 -1 -1 -1 -1 -1 -1 -1 -1 -1
MST_01/01478.jpg 1 -1 -1 -1 -1 -1 -1 -1 -1 -1
MST_01/01483.jpg 1 -1 -1 -1 -1 -1 -1 -1 -1 -1
MST_01/01490.jpg 1 -1 -1 -1 -1 -1 -1 -1 -1 -1
MST_01/01496.jpg 1 -1 -1 -1 -1 -1 -1 -1 -1 -1
MST_01/01509.jpg 1 -1 -1 -1 -1 -1 -1 -1 -1 -1
MST_01/01512.jpg 1 -1 -1 -1 -1 -1 -1 -1 -1 -1
MST_01/01513.jpg 1 -1 -1 -1 -1 -1 -1 -1 -1 -1
MST_01/01514.jpg 1 -1 -1 -1 -1 -1 -1 -1 -1 -1
MST_01/01528.jpg 1 -1 -1 -1 -1 -1 -1 -1 -1 -1
MST_01/01543.jpg 1 -1 -1 -1 -1 -1 -1 -1 -1 -1
MST_01/01545.jpg 1 -1 -1 -1 -1 -1 -1 -1 -1 -1
MST_01/01546.jpg 1 -1 -1 -1 -1 -1 -1 -1 -1 -1
MST_01/01552.jpg 1 -1 -1 -1 -1 -1 -1 -1 -1 -1
MST_01/01555.jpg 1 -1 -1 -1 -1 -1 -1 -1 -1 -1
MST_01/01562.jpg 1 -1 -1 -1 -1 -1 -1 -1 -1 -1
MST_01/01563.jpg 1 -1 -1 -1 -1 -1 -1 -1 -1 -1
MST_01/01571.jpg 1 -1 -1 -1 -1 -1 -1 -1 -1 -1
MST_01/01572.jpg 1 -1 -1 -1 -1 -1 -1 -1 -1 -1
MST_01/01574.jpg 1 -1 -1 -1 -1 -1 -1 -1 -1 -1
MST_01/01584.jpg 1 -1 -1 -1 -1 -1 -1 -1 -1 -1
MST_01/01590.jpg 1 -1 -1 -1 -1 -1 -1 -1 -1 -1
MST_01/01594.jpg 1 -1 -1 -1 -1 -1 -1 -1 -1 -1
MST_01/01597.jpg 1 -1 -1 -1 -1 -1 -1 -1 -1 -1
MST_01/01600.jpg 1 -1 -1 -1 -1 -1 -1 -1 -1 -1
MST_01/01607.jpg 1 -1 -1 -1 -1 -1 -1 -1 -1 -1
MST_01/01617.jpg 1 -1 -1 -1 -1 -1 -1 -1 -1 -1
MST_01/01622.jpg 1 -1 -1 -1 -1 -1 -1 -1 -1 -1
MST_01/01624.jpg 1 -1 -1 -1 -1 -1 -1 -1 -1 -1
MST_01/01626.jpg 1 -1 -1 -1 -1 -1 -1 -1 -1 -1
MST_01/01627.jpg 1 -1 -1 -1 -1 -1 -1 -1 -1 -1
MST_01/01629.jpg 1 -1 -1 -1 -1 -1 -1 -1 -1 -1
MST_01/01630.jpg 1 -1 -1 -1 -1 -1 -1 -1 -1 -1
MST_01/01632.jpg 1 -1 -1 -1 -1 -1 -1 -1 -1 -1
MST_01/01634.jpg 1 -1 -1 -1 -1 -1 -1 -1 -1 -1
MST_01/01639.jpg 1 -1 -1 -1 -1 -1 -1 -1 -1 -1
MST_01/01646.jpg 1 -1 -1 -1 -1 -1 -1 -1 -1 -1
MST_01/01647.jpg 1 -1 -1 -1 -1 -1 -1 -1 -1 -1
MST_01/01659.jpg 1 -1 -1 -1 -1 -1 -1 -1 -1 -1
MST_01/01663.jpg 1 -1 -1 -1 -1 -1 -1 -1 -1 -1
MST_01/01664.jpg 1 -1 -1 -1 -1 -1 -1 -1 -1 -1
MST_01/01669.jpg 1 -1 -1 -1 -1 -1 -1 -1 -1 -1
MST_01/01672.jpg 1 -1 -1 -1 -1 -1 -1 -1 -1 -1
MST_01/01674.jpg 1 -1 -1 -1 -1 -1 -1 -1 -1 -1
MST_02/00008.jpg -1 1 -1 -1 -1 -1 -1 -1 -1 -1
MST_02/00018.jpg -1 1 -1 -1 -1 -1 -1 -1 -1 -1
MST_02/00042.jpg -1 1 -1 -1 -1 -1 -1 -1 -1 -1
MST_02/00054.jpg -1 1 -1 -1 -1 -1 -1 -1 -1 -1
MST_02/00076.jpg -1 1 -1 -1 -1 -1 -1 -1 -1 -1
MST_02/00082.jpg -1 1 -1 -1 -1 -1 -1 -1 -1 -1
MST_02/00085.jpg -1 1 -1 -1 -1 -1 -1 -1 -1 -1
MST_02/00192.jpg -1 1 -1 -1 -1 -1 -1 -1 -1 -1
MST_02/00196.jpg -1 1 -1 -1 -1 -1 -1 -1 -1 -1
MST_02/00214.jpg -1 1 -1 -1 -1 -1 -1 -1 -1 -1
MST_02/00220.jpg -1 1 -1 -1 -1 -1 -1 -1 -1 -1
MST_02/00223.jpg -1 1 -1 -1 -1 -1 -1 -1 -1 -1
MST_02/00321.jpg -1 1 -1 -1 -1 -1 -1 -1 -1 -1
MST_02/00326.jpg -1 1 -1 -1 -1 -1 -1 -1 -1 -1
MST_02/00340.jpg -1 1 -1 -1 -1 -1 -1 -1 -1 -1
MST_02/00360.jpg -1 1 -1 -1 -1 -1 -1 -1 -1 -1
MST_02/00369.jpg -1 1 -1 -1 -1 -1 -1 -1 -1 -1
MST_02/00418.jpg -1 1 -1 -1 -1 -1 -1 -1 -1 -1
MST_02/00427.jpg -1 1 -1 -1 -1 -1 -1 -1 -1 -1
MST_02/00437.jpg -1 1 -1 -1 -1 -1 -1 -1 -1 -1
MST_02/00473.jpg -1 1 -1 -1 -1 -1 -1 -1 -1 -1
MST_02/00499.jpg -1 1 -1 -1 -1 -1 -1 -1 -1 -1
MST_02/00500.jpg -1 1 -1 -1 -1 -1 -1 -1 -1 -1
MST_02/00568.jpg -1 1 -1 -1 -1 -1 -1 -1 -1 -1
MST_02/00599.jpg -1 1 -1 -1 -1 -1 -1 -1 -1 -1
MST_02/00603.jpg -1 1 -1 -1 -1 -1 -1 -1 -1 -1
MST_02/00616.jpg -1 1 -1 -1 -1 -1 -1 -1 -1 -1
MST_02/00666.jpg -1 1 -1 -1 -1 -1 -1 -1 -1 -1
MST_02/00715.jpg -1 1 -1 -1 -1 -1 -1 -1 -1 -1
MST_02/00716.jpg -1 1 -1 -1 -1 -1 -1 -1 -1 -1
MST_02/00726.jpg -1 1 -1 -1 -1 -1 -1 -1 -1 -1
MST_02/00737.jpg -1 1 -1 -1 -1 -1 -1 -1 -1 -1
MST_02/00745.jpg -1 1 -1 -1 -1 -1 -1 -1 -1 -1
MST_02/00746.jpg -1 1 -1 -1 -1 -1 -1 -1 -1 -1
MST_02/00747.jpg -1 1 -1 -1 -1 -1 -1 -1 -1 -1
MST_02/00751.jpg -1 1 -1 -1 -1 -1 -1 -1 -1 -1
MST_02/00823.jpg -1 1 -1 -1 -1 -1 -1 -1 -1 -1
MST_02/00842.jpg -1 1 -1 -1 -1 -1 -1 -1 -1 -1
MST_02/00879.jpg -1 1 -1 -1 -1 -1 -1 -1 -1 -1
MST_02/00891.jpg -1 1 -1 -1 -1 -1 -1 -1 -1 -1
MST_02/00933.jpg -1 1 -1 -1 -1 -1 -1 -1 -1 -1
MST_02/00963.jpg -1 1 -1 -1 -1 -1 -1 -1 -1 -1
MST_02/00973.jpg -1 1 -1 -1 -1 -1 -1 -1 -1 -1
MST_02/00986.jpg -1 1 -1 -1 -1 -1 -1 -1 -1 -1
MST_02/01021.jpg -1 1 -1 -1 -1 -1 -1 -1 -1 -1
MST_02/01048.jpg -1 1 -1 -1 -1 -1 -1 -1 -1 -1
MST_02/01065.jpg -1 1 -1 -1 -1 -1 -1 -1 -1 -1
MST_02/01066.jpg -1 1 -1 -1 -1 -1 -1 -1 -1 -1
MST_02/01088.jpg -1 1 -1 -1 -1 -1 -1 -1 -1 -1
MST_02/01090.jpg -1 1 -1 -1 -1 -1 -1 -1 -1 -1
MST_02/01130.jpg -1 1 -1 -1 -1 -1 -1 -1 -1 -1
MST_02/01132.jpg -1 1 -1 -1 -1 -1 -1 -1 -1 -1
MST_02/01140.jpg -1 1 -1 -1 -1 -1 -1 -1 -1 -1
MST_02/01154.jpg -1 1 -1 -1 -1 -1 -1 -1 -1 -1
MST_02/01157.jpg -1 1 -1 -1 -1 -1 -1 -1 -1 -1
MST_02/01171.jpg -1 1 -1 -1 -1 -1 -1 -1 -1 -1
MST_02/01213.jpg -1 1 -1 -1 -1 -1 -1 -1 -1 -1
MST_02/01217.jpg -1 1 -1 -1 -1 -1 -1 -1 -1 -1
MST_02/01243.jpg -1 1 -1 -1 -1 -1 -1 -1 -1 -1
MST_02/01251.jpg -1 1 -1 -1 -1 -1 -1 -1 -1 -1
MST_02/01261.jpg -1 1 -1 -1 -1 -1 -1 -1 -1 -1
MST_02/01297.jpg -1 1 -1 -1 -1 -1 -1 -1 -1 -1
MST_02/01326.jpg -1 1 -1 -1 -1 -1 -1 -1 -1 -1
MST_02/01339.jpg -1 1 -1 -1 -1 -1 -1 -1 -1 -1
MST_02/01367.jpg -1 1 -1 -1 -1 -1 -1 -1 -1 -1
MST_02/01396.jpg -1 1 -1 -1 -1 -1 -1 -1 -1 -1
MST_02/01399.jpg -1 1 -1 -1 -1 -1 -1 -1 -1 -1
MST_02/01428.jpg -1 1 -1 -1 -1 -1 -1 -1 -1 -1
MST_02/01441.jpg -1 1 -1 -1 -1 -1 -1 -1 -1 -1
MST_02/01510.jpg -1 1 -1 -1 -1 -1 -1 -1 -1 -1
MST_02/01519.jpg -1 1 -1 -1 -1 -1 -1 -1 -1 -1
MST_02/01556.jpg -1 1 -1 -1 -1 -1 -1 -1 -1 -1
MST_02/01608.jpg -1 1 -1 -1 -1 -1 -1 -1 -1 -1
MST_02/01612.jpg -1 1 -1 -1 -1 -1 -1 -1 -1 -1
MST_02/01618.jpg -1 1 -1 -1 -1 -1 -1 -1 -1 -1
MST_02/01625.jpg -1 1 -1 -1 -1 -1 -1 -1 -1 -1
MST_02/01631.jpg -1 1 -1 -1 -1 -1 -1 -1 -1 -1
MST_02/01673.jpg -1 1 -1 -1 -1 -1 -1 -1 -1 -1
MST_03/00136.jpg -1 -1 1 -1 -1 -1 -1 -1 -1 -1
MST_03/00257.jpg -1 -1 1 -1 -1 -1 -1 -1 -1 -1
MST_03/00484.jpg -1 -1 1 -1 -1 -1 -1 -1 -1 -1
MST_03/00770.jpg -1 -1 1 -1 -1 -1 -1 -1 -1 -1
MST_03/00950.jpg -1 -1 1 -1 -1 -1 -1 -1 -1 -1
MST_03/00958.jpg -1 -1 1 -1 -1 -1 -1 -1 -1 -1
MST_03/00964.jpg -1 -1 1 -1 -1 -1 -1 -1 -1 -1
MST_03/01020.jpg -1 -1 1 -1 -1 -1 -1 -1 -1 -1
MST_03/01034.jpg -1 -1 1 -1 -1 -1 -1 -1 -1 -1
MST_03/01040.jpg -1 -1 1 -1 -1 -1 -1 -1 -1 -1
MST_03/01068.jpg -1 -1 1 -1 -1 -1 -1 -1 -1 -1
MST_03/01110.jpg -1 -1 1 -1 -1 -1 -1 -1 -1 -1
MST_03/01270.jpg -1 -1 1 -1 -1 -1 -1 -1 -1 -1
MST_03/01370.jpg -1 -1 1 -1 -1 -1 -1 -1 -1 -1
MST_03/01436.jpg -1 -1 1 -1 -1 -1 -1 -1 -1 -1
MST_03/01455.jpg -1 -1 1 -1 -1 -1 -1 -1 -1 -1
MST_03/01611.jpg -1 -1 1 -1 -1 -1 -1 -1 -1 -1
MST_03/01620.jpg -1 -1 1 -1 -1 -1 -1 -1 -1 -1
MST_03/01661.jpg -1 -1 1 -1 -1 -1 -1 -1 -1 -1
MST_04/00000.jpg -1 -1 -1 1 -1 -1 -1 -1 -1 -1
MST_04/00001.jpg -1 -1 -1 1 -1 -1 -1 -1 -1 -1
MST_04/00002.jpg -1 -1 -1 1 -1 -1 -1 -1 -1 -1
MST_04/00005.jpg -1 -1 -1 1 -1 -1 -1 -1 -1 -1
MST_04/00006.jpg -1 -1 -1 1 -1 -1 -1 -1 -1 -1
MST_04/00007.jpg -1 -1 -1 1 -1 -1 -1 -1 -1 -1
MST_04/00009.jpg -1 -1 -1 1 -1 -1 -1 -1 -1 -1
MST_04/00010.jpg -1 -1 -1 1 -1 -1 -1 -1 -1 -1
MST_04/00012.jpg -1 -1 -1 1 -1 -1 -1 -1 -1 -1
MST_04/00013.jpg -1 -1 -1 1 -1 -1 -1 -1 -1 -1
MST_04/00014.jpg -1 -1 -1 1 -1 -1 -1 -1 -1 -1
MST_04/00015.jpg -1 -1 -1 1 -1 -1 -1 -1 -1 -1
MST_04/00016.jpg -1 -1 -1 1 -1 -1 -1 -1 -1 -1
MST_04/00019.jpg -1 -1 -1 1 -1 -1 -1 -1 -1 -1
MST_04/00020.jpg -1 -1 -1 1 -1 -1 -1 -1 -1 -1
MST_04/00021.jpg -1 -1 -1 1 -1 -1 -1 -1 -1 -1
MST_04/00022.jpg -1 -1 -1 1 -1 -1 -1 -1 -1 -1
MST_04/00023.jpg -1 -1 -1 1 -1 -1 -1 -1 -1 -1
MST_04/00024.jpg -1 -1 -1 1 -1 -1 -1 -1 -1 -1
MST_04/00026.jpg -1 -1 -1 1 -1 -1 -1 -1 -1 -1
MST_04/00028.jpg -1 -1 -1 1 -1 -1 -1 -1 -1 -1
MST_04/00029.jpg -1 -1 -1 1 -1 -1 -1 -1 -1 -1
MST_04/00030.jpg -1 -1 -1 1 -1 -1 -1 -1 -1 -1
MST_04/00031.jpg -1 -1 -1 1 -1 -1 -1 -1 -1 -1
MST_04/00032.jpg -1 -1 -1 1 -1 -1 -1 -1 -1 -1
MST_04/00033.jpg -1 -1 -1 1 -1 -1 -1 -1 -1 -1
MST_04/00034.jpg -1 -1 -1 1 -1 -1 -1 -1 -1 -1
MST_04/00035.jpg -1 -1 -1 1 -1 -1 -1 -1 -1 -1
MST_04/00037.jpg -1 -1 -1 1 -1 -1 -1 -1 -1 -1
MST_04/00040.jpg -1 -1 -1 1 -1 -1 -1 -1 -1 -1
MST_04/00043.jpg -1 -1 -1 1 -1 -1 -1 -1 -1 -1
MST_04/00044.jpg -1 -1 -1 1 -1 -1 -1 -1 -1 -1
MST_04/00046.jpg -1 -1 -1 1 -1 -1 -1 -1 -1 -1
MST_04/00048.jpg -1 -1 -1 1 -1 -1 -1 -1 -1 -1
MST_04/00049.jpg -1 -1 -1 1 -1 -1 -1 -1 -1 -1
MST_04/00050.jpg -1 -1 -1 1 -1 -1 -1 -1 -1 -1
MST_04/00052.jpg -1 -1 -1 1 -1 -1 -1 -1 -1 -1
MST_04/00053.jpg -1 -1 -1 1 -1 -1 -1 -1 -1 -1
MST_04/00055.jpg -1 -1 -1 1 -1 -1 -1 -1 -1 -1
MST_04/00057.jpg -1 -1 -1 1 -1 -1 -1 -1 -1 -1
MST_04/00058.jpg -1 -1 -1 1 -1 -1 -1 -1 -1 -1
MST_04/00059.jpg -1 -1 -1 1 -1 -1 -1 -1 -1 -1
MST_04/00060.jpg -1 -1 -1 1 -1 -1 -1 -1 -1 -1
MST_04/00061.jpg -1 -1 -1 1 -1 -1 -1 -1 -1 -1
MST_04/00062.jpg -1 -1 -1 1 -1 -1 -1 -1 -1 -1
MST_04/00063.jpg -1 -1 -1 1 -1 -1 -1 -1 -1 -1
MST_04/00064.jpg -1 -1 -1 1 -1 -1 -1 -1 -1 -1
MST_04/00065.jpg -1 -1 -1 1 -1 -1 -1 -1 -1 -1
MST_04/00066.jpg -1 -1 -1 1 -1 -1 -1 -1 -1 -1
MST_04/00067.jpg -1 -1 -1 1 -1 -1 -1 -1 -1 -1
MST_04/00068.jpg -1 -1 -1 1 -1 -1 -1 -1 -1 -1
MST_04/00069.jpg -1 -1 -1 1 -1 -1 -1 -1 -1 -1
MST_04/00072.jpg -1 -1 -1 1 -1 -1 -1 -1 -1 -1
MST_04/00073.jpg -1 -1 -1 1 -1 -1 -1 -1 -1 -1
MST_04/00075.jpg -1 -1 -1 1 -1 -1 -1 -1 -1 -1
MST_04/00077.jpg -1 -1 -1 1 -1 -1 -1 -1 -1 -1
MST_04/00079.jpg -1 -1 -1 1 -1 -1 -1 -1 -1 -1
MST_04/00080.jpg -1 -1 -1 1 -1 -1 -1 -1 -1 -1
MST_04/00081.jpg -1 -1 -1 1 -1 -1 -1 -1 -1 -1
MST_04/00083.jpg -1 -1 -1 1 -1 -1 -1 -1 -1 -1
MST_04/00084.jpg -1 -1 -1 1 -1 -1 -1 -1 -1 -1
MST_04/00086.jpg -1 -1 -1 1 -1 -1 -1 -1 -1 -1
MST_04/00087.jpg -1 -1 -1 1 -1 -1 -1 -1 -1 -1
MST_04/00089.jpg -1 -1 -1 1 -1 -1 -1 -1 -1 -1
MST_04/00090.jpg -1 -1 -1 1 -1 -1 -1 -1 -1 -1
MST_04/00091.jpg -1 -1 -1 1 -1 -1 -1 -1 -1 -1
MST_04/00092.jpg -1 -1 -1 1 -1 -1 -1 -1 -1 -1
MST_04/00093.jpg -1 -1 -1 1 -1 -1 -1 -1 -1 -1
MST_04/00094.jpg -1 -1 -1 1 -1 -1 -1 -1 -1 -1
MST_04/00095.jpg -1 -1 -1 1 -1 -1 -1 -1 -1 -1
MST_04/00096.jpg -1 -1 -1 1 -1 -1 -1 -1 -1 -1
MST_04/00099.jpg -1 -1 -1 1 -1 -1 -1 -1 -1 -1
MST_04/00100.jpg -1 -1 -1 1 -1 -1 -1 -1 -1 -1
MST_04/00102.jpg -1 -1 -1 1 -1 -1 -1 -1 -1 -1
MST_04/00103.jpg -1 -1 -1 1 -1 -1 -1 -1 -1 -1
MST_04/00104.jpg -1 -1 -1 1 -1 -1 -1 -1 -1 -1
MST_04/00105.jpg -1 -1 -1 1 -1 -1 -1 -1 -1 -1
MST_04/00106.jpg -1 -1 -1 1 -1 -1 -1 -1 -1 -1
MST_04/00107.jpg -1 -1 -1 1 -1 -1 -1 -1 -1 -1
MST_04/00109.jpg -1 -1 -1 1 -1 -1 -1 -1 -1 -1
MST_04/00110.jpg -1 -1 -1 1 -1 -1 -1 -1 -1 -1
MST_04/00111.jpg -1 -1 -1 1 -1 -1 -1 -1 -1 -1
MST_04/00113.jpg -1 -1 -1 1 -1 -1 -1 -1 -1 -1
MST_04/00114.jpg -1 -1 -1 1 -1 -1 -1 -1 -1 -1
MST_04/00115.jpg -1 -1 -1 1 -1 -1 -1 -1 -1 -1
MST_04/00116.jpg -1 -1 -1 1 -1 -1 -1 -1 -1 -1
MST_04/00117.jpg -1 -1 -1 1 -1 -1 -1 -1 -1 -1
MST_04/00118.jpg -1 -1 -1 1 -1 -1 -1 -1 -1 -1
MST_04/00119.jpg -1 -1 -1 1 -1 -1 -1 -1 -1 -1
MST_04/00120.jpg -1 -1 -1 1 -1 -1 -1 -1 -1 -1
MST_04/00121.jpg -1 -1 -1 1 -1 -1 -1 -1 -1 -1
MST_04/00122.jpg -1 -1 -1 1 -1 -1 -1 -1 -1 -1
MST_04/00123.jpg -1 -1 -1 1 -1 -1 -1 -1 -1 -1
MST_04/00126.jpg -1 -1 -1 1 -1 -1 -1 -1 -1 -1
MST_04/00127.jpg -1 -1 -1 1 -1 -1 -1 -1 -1 -1
MST_04/00128.jpg -1 -1 -1 1 -1 -1 -1 -1 -1 -1
MST_04/00129.jpg -1 -1 -1 1 -1 -1 -1 -1 -1 -1
MST_04/00130.jpg -1 -1 -1 1 -1 -1 -1 -1 -1 -1
MST_04/00131.jpg -1 -1 -1 1 -1 -1 -1 -1 -1 -1
MST_04/00133.jpg -1 -1 -1 1 -1 -1 -1 -1 -1 -1
MST_04/00137.jpg -1 -1 -1 1 -1 -1 -1 -1 -1 -1
MST_04/00138.jpg -1 -1 -1 1 -1 -1 -1 -1 -1 -1
MST_04/00139.jpg -1 -1 -1 1 -1 -1 -1 -1 -1 -1
MST_04/00141.jpg -1 -1 -1 1 -1 -1 -1 -1 -1 -1
MST_04/00143.jpg -1 -1 -1 1 -1 -1 -1 -1 -1 -1
MST_04/00146.jpg -1 -1 -1 1 -1 -1 -1 -1 -1 -1
MST_04/00148.jpg -1 -1 -1 1 -1 -1 -1 -1 -1 -1
MST_04/00149.jpg -1 -1 -1 1 -1 -1 -1 -1 -1 -1
MST_04/00150.jpg -1 -1 -1 1 -1 -1 -1 -1 -1 -1
MST_04/00151.jpg -1 -1 -1 1 -1 -1 -1 -1 -1 -1
MST_04/00152.jpg -1 -1 -1 1 -1 -1 -1 -1 -1 -1
MST_04/00153.jpg -1 -1 -1 1 -1 -1 -1 -1 -1 -1
MST_04/00155.jpg -1 -1 -1 1 -1 -1 -1 -1 -1 -1
MST_04/00156.jpg -1 -1 -1 1 -1 -1 -1 -1 -1 -1
MST_04/00157.jpg -1 -1 -1 1 -1 -1 -1 -1 -1 -1
MST_04/00158.jpg -1 -1 -1 1 -1 -1 -1 -1 -1 -1
MST_04/00160.jpg -1 -1 -1 1 -1 -1 -1 -1 -1 -1
MST_04/00162.jpg -1 -1 -1 1 -1 -1 -1 -1 -1 -1
MST_04/00163.jpg -1 -1 -1 1 -1 -1 -1 -1 -1 -1
MST_04/00165.jpg -1 -1 -1 1 -1 -1 -1 -1 -1 -1
MST_04/00166.jpg -1 -1 -1 1 -1 -1 -1 -1 -1 -1
MST_04/00167.jpg -1 -1 -1 1 -1 -1 -1 -1 -1 -1
MST_04/00168.jpg -1 -1 -1 1 -1 -1 -1 -1 -1 -1
MST_04/00169.jpg -1 -1 -1 1 -1 -1 -1 -1 -1 -1
MST_04/00170.jpg -1 -1 -1 1 -1 -1 -1 -1 -1 -1
MST_04/00171.jpg -1 -1 -1 1 -1 -1 -1 -1 -1 -1
MST_04/00173.jpg -1 -1 -1 1 -1 -1 -1 -1 -1 -1
MST_04/00174.jpg -1 -1 -1 1 -1 -1 -1 -1 -1 -1
MST_04/00175.jpg -1 -1 -1 1 -1 -1 -1 -1 -1 -1
MST_04/00176.jpg -1 -1 -1 1 -1 -1 -1 -1 -1 -1
MST_04/00177.jpg -1 -1 -1 1 -1 -1 -1 -1 -1 -1
MST_04/00178.jpg -1 -1 -1 1 -1 -1 -1 -1 -1 -1
MST_04/00179.jpg -1 -1 -1 1 -1 -1 -1 -1 -1 -1
MST_04/00180.jpg -1 -1 -1 1 -1 -1 -1 -1 -1 -1
MST_04/00181.jpg -1 -1 -1 1 -1 -1 -1 -1 -1 -1
MST_04/00182.jpg -1 -1 -1 1 -1 -1 -1 -1 -1 -1
MST_04/00183.jpg -1 -1 -1 1 -1 -1 -1 -1 -1 -1
MST_04/00184.jpg -1 -1 -1 1 -1 -1 -1 -1 -1 -1
MST_04/00185.jpg -1 -1 -1 1 -1 -1 -1 -1 -1 -1
MST_04/00186.jpg -1 -1 -1 1 -1 -1 -1 -1 -1 -1
MST_04/00187.jpg -1 -1 -1 1 -1 -1 -1 -1 -1 -1
MST_04/00190.jpg -1 -1 -1 1 -1 -1 -1 -1 -1 -1
MST_04/00191.jpg -1 -1 -1 1 -1 -1 -1 -1 -1 -1
MST_04/00193.jpg -1 -1 -1 1 -1 -1 -1 -1 -1 -1
MST_04/00194.jpg -1 -1 -1 1 -1 -1 -1 -1 -1 -1
MST_04/00195.jpg -1 -1 -1 1 -1 -1 -1 -1 -1 -1
MST_04/00197.jpg -1 -1 -1 1 -1 -1 -1 -1 -1 -1
MST_04/00199.jpg -1 -1 -1 1 -1 -1 -1 -1 -1 -1
MST_04/00200.jpg -1 -1 -1 1 -1 -1 -1 -1 -1 -1
MST_04/00201.jpg -1 -1 -1 1 -1 -1 -1 -1 -1 -1
MST_04/00202.jpg -1 -1 -1 1 -1 -1 -1 -1 -1 -1
MST_04/00203.jpg -1 -1 -1 1 -1 -1 -1 -1 -1 -1
MST_04/00204.jpg -1 -1 -1 1 -1 -1 -1 -1 -1 -1
MST_04/00205.jpg -1 -1 -1 1 -1 -1 -1 -1 -1 -1
MST_04/00206.jpg -1 -1 -1 1 -1 -1 -1 -1 -1 -1
MST_04/00207.jpg -1 -1 -1 1 -1 -1 -1 -1 -1 -1
MST_04/00208.jpg -1 -1 -1 1 -1 -1 -1 -1 -1 -1
MST_04/00210.jpg -1 -1 -1 1 -1 -1 -1 -1 -1 -1
MST_04/00211.jpg -1 -1 -1 1 -1 -1 -1 -1 -1 -1
MST_04/00213.jpg -1 -1 -1 1 -1 -1 -1 -1 -1 -1
MST_04/00215.jpg -1 -1 -1 1 -1 -1 -1 -1 -1 -1
MST_04/00216.jpg -1 -1 -1 1 -1 -1 -1 -1 -1 -1
MST_04/00219.jpg -1 -1 -1 1 -1 -1 -1 -1 -1 -1
MST_04/00221.jpg -1 -1 -1 1 -1 -1 -1 -1 -1 -1
MST_04/00222.jpg -1 -1 -1 1 -1 -1 -1 -1 -1 -1
MST_04/00224.jpg -1 -1 -1 1 -1 -1 -1 -1 -1 -1
MST_04/00225.jpg -1 -1 -1 1 -1 -1 -1 -1 -1 -1
MST_04/00229.jpg -1 -1 -1 1 -1 -1 -1 -1 -1 -1
MST_04/00231.jpg -1 -1 -1 1 -1 -1 -1 -1 -1 -1
MST_04/00232.jpg -1 -1 -1 1 -1 -1 -1 -1 -1 -1
MST_04/00233.jpg -1 -1 -1 1 -1 -1 -1 -1 -1 -1
MST_04/00237.jpg -1 -1 -1 1 -1 -1 -1 -1 -1 -1
MST_04/00238.jpg -1 -1 -1 1 -1 -1 -1 -1 -1 -1
MST_04/00239.jpg -1 -1 -1 1 -1 -1 -1 -1 -1 -1
MST_04/00240.jpg -1 -1 -1 1 -1 -1 -1 -1 -1 -1
MST_04/00241.jpg -1 -1 -1 1 -1 -1 -1 -1 -1 -1
MST_04/00243.jpg -1 -1 -1 1 -1 -1 -1 -1 -1 -1
MST_04/00244.jpg -1 -1 -1 1 -1 -1 -1 -1 -1 -1
MST_04/00247.jpg -1 -1 -1 1 -1 -1 -1 -1 -1 -1
MST_04/00248.jpg -1 -1 -1 1 -1 -1 -1 -1 -1 -1
MST_04/00249.jpg -1 -1 -1 1 -1 -1 -1 -1 -1 -1
MST_04/00250.jpg -1 -1 -1 1 -1 -1 -1 -1 -1 -1
MST_04/00251.jpg -1 -1 -1 1 -1 -1 -1 -1 -1 -1
MST_04/00252.jpg -1 -1 -1 1 -1 -1 -1 -1 -1 -1
MST_04/00253.jpg -1 -1 -1 1 -1 -1 -1 -1 -1 -1
MST_04/00254.jpg -1 -1 -1 1 -1 -1 -1 -1 -1 -1
MST_04/00255.jpg -1 -1 -1 1 -1 -1 -1 -1 -1 -1
MST_04/00258.jpg -1 -1 -1 1 -1 -1 -1 -1 -1 -1
MST_04/00260.jpg -1 -1 -1 1 -1 -1 -1 -1 -1 -1
MST_04/00262.jpg -1 -1 -1 1 -1 -1 -1 -1 -1 -1
MST_04/00264.jpg -1 -1 -1 1 -1 -1 -1 -1 -1 -1
MST_04/00265.jpg -1 -1 -1 1 -1 -1 -1 -1 -1 -1
MST_04/00266.jpg -1 -1 -1 1 -1 -1 -1 -1 -1 -1
MST_04/00267.jpg -1 -1 -1 1 -1 -1 -1 -1 -1 -1
MST_04/00268.jpg -1 -1 -1 1 -1 -1 -1 -1 -1 -1
MST_04/00269.jpg -1 -1 -1 1 -1 -1 -1 -1 -1 -1
MST_04/00270.jpg -1 -1 -1 1 -1 -1 -1 -1 -1 -1
MST_04/00271.jpg -1 -1 -1 1 -1 -1 -1 -1 -1 -1
MST_04/00272.jpg -1 -1 -1 1 -1 -1 -1 -1 -1 -1
MST_04/00273.jpg -1 -1 -1 1 -1 -1 -1 -1 -1 -1
MST_04/00277.jpg -1 -1 -1 1 -1 -1 -1 -1 -1 -1
MST_04/00278.jpg -1 -1 -1 1 -1 -1 -1 -1 -1 -1
MST_04/00279.jpg -1 -1 -1 1 -1 -1 -1 -1 -1 -1
MST_04/00280.jpg -1 -1 -1 1 -1 -1 -1 -1 -1 -1
MST_04/00281.jpg -1 -1 -1 1 -1 -1 -1 -1 -1 -1
MST_04/00282.jpg -1 -1 -1 1 -1 -1 -1 -1 -1 -1
MST_04/00284.jpg -1 -1 -1 1 -1 -1 -1 -1 -1 -1
MST_04/00285.jpg -1 -1 -1 1 -1 -1 -1 -1 -1 -1
MST_04/00288.jpg -1 -1 -1 1 -1 -1 -1 -1 -1 -1
MST_04/00289.jpg -1 -1 -1 1 -1 -1 -1 -1 -1 -1
MST_04/00290.jpg -1 -1 -1 1 -1 -1 -1 -1 -1 -1
MST_04/00291.jpg -1 -1 -1 1 -1 -1 -1 -1 -1 -1
MST_04/00293.jpg -1 -1 -1 1 -1 -1 -1 -1 -1 -1
MST_04/00294.jpg -1 -1 -1 1 -1 -1 -1 -1 -1 -1
MST_04/00295.jpg -1 -1 -1 1 -1 -1 -1 -1 -1 -1
MST_04/00296.jpg -1 -1 -1 1 -1 -1 -1 -1 -1 -1
MST_04/00297.jpg -1 -1 -1 1 -1 -1 -1 -1 -1 -1
MST_04/00298.jpg -1 -1 -1 1 -1 -1 -1 -1 -1 -1
MST_04/00299.jpg -1 -1 -1 1 -1 -1 -1 -1 -1 -1
MST_04/00300.jpg -1 -1 -1 1 -1 -1 -1 -1 -1 -1
MST_04/00301.jpg -1 -1 -1 1 -1 -1 -1 -1 -1 -1
MST_04/00302.jpg -1 -1 -1 1 -1 -1 -1 -1 -1 -1
MST_04/00303.jpg -1 -1 -1 1 -1 -1 -1 -1 -1 -1
MST_04/00304.jpg -1 -1 -1 1 -1 -1 -1 -1 -1 -1
MST_04/00305.jpg -1 -1 -1 1 -1 -1 -1 -1 -1 -1
MST_04/00306.jpg -1 -1 -1 1 -1 -1 -1 -1 -1 -1
MST_04/00307.jpg -1 -1 -1 1 -1 -1 -1 -1 -1 -1
MST_04/00308.jpg -1 -1 -1 1 -1 -1 -1 -1 -1 -1
MST_04/00309.jpg -1 -1 -1 1 -1 -1 -1 -1 -1 -1
MST_04/00313.jpg -1 -1 -1 1 -1 -1 -1 -1 -1 -1
MST_04/00314.jpg -1 -1 -1 1 -1 -1 -1 -1 -1 -1
MST_04/00315.jpg -1 -1 -1 1 -1 -1 -1 -1 -1 -1
MST_04/00317.jpg -1 -1 -1 1 -1 -1 -1 -1 -1 -1
MST_04/00318.jpg -1 -1 -1 1 -1 -1 -1 -1 -1 -1
MST_04/00319.jpg -1 -1 -1 1 -1 -1 -1 -1 -1 -1
MST_04/00320.jpg -1 -1 -1 1 -1 -1 -1 -1 -1 -1
MST_04/00324.jpg -1 -1 -1 1 -1 -1 -1 -1 -1 -1
MST_04/00325.jpg -1 -1 -1 1 -1 -1 -1 -1 -1 -1
MST_04/00327.jpg -1 -1 -1 1 -1 -1 -1 -1 -1 -1
MST_04/00328.jpg -1 -1 -1 1 -1 -1 -1 -1 -1 -1
MST_04/00330.jpg -1 -1 -1 1 -1 -1 -1 -1 -1 -1
MST_04/00331.jpg -1 -1 -1 1 -1 -1 -1 -1 -1 -1
MST_04/00332.jpg -1 -1 -1 1 -1 -1 -1 -1 -1 -1
MST_04/00333.jpg -1 -1 -1 1 -1 -1 -1 -1 -1 -1
MST_04/00334.jpg -1 -1 -1 1 -1 -1 -1 -1 -1 -1
MST_04/00335.jpg -1 -1 -1 1 -1 -1 -1 -1 -1 -1
MST_04/00336.jpg -1 -1 -1 1 -1 -1 -1 -1 -1 -1
MST_04/00342.jpg -1 -1 -1 1 -1 -1 -1 -1 -1 -1
MST_04/00343.jpg -1 -1 -1 1 -1 -1 -1 -1 -1 -1
MST_04/00344.jpg -1 -1 -1 1 -1 -1 -1 -1 -1 -1
MST_04/00345.jpg -1 -1 -1 1 -1 -1 -1 -1 -1 -1
MST_04/00346.jpg -1 -1 -1 1 -1 -1 -1 -1 -1 -1
MST_04/00347.jpg -1 -1 -1 1 -1 -1 -1 -1 -1 -1
MST_04/00348.jpg -1 -1 -1 1 -1 -1 -1 -1 -1 -1
MST_04/00349.jpg -1 -1 -1 1 -1 -1 -1 -1 -1 -1
MST_04/00350.jpg -1 -1 -1 1 -1 -1 -1 -1 -1 -1
MST_04/00351.jpg -1 -1 -1 1 -1 -1 -1 -1 -1 -1
MST_04/00353.jpg -1 -1 -1 1 -1 -1 -1 -1 -1 -1
MST_04/00354.jpg -1 -1 -1 1 -1 -1 -1 -1 -1 -1
MST_04/00355.jpg -1 -1 -1 1 -1 -1 -1 -1 -1 -1
MST_04/00356.jpg -1 -1 -1 1 -1 -1 -1 -1 -1 -1
MST_04/00357.jpg -1 -1 -1 1 -1 -1 -1 -1 -1 -1
MST_04/00358.jpg -1 -1 -1 1 -1 -1 -1 -1 -1 -1
MST_04/00361.jpg -1 -1 -1 1 -1 -1 -1 -1 -1 -1
MST_04/00362.jpg -1 -1 -1 1 -1 -1 -1 -1 -1 -1
MST_04/00363.jpg -1 -1 -1 1 -1 -1 -1 -1 -1 -1
MST_04/00364.jpg -1 -1 -1 1 -1 -1 -1 -1 -1 -1
MST_04/00365.jpg -1 -1 -1 1 -1 -1 -1 -1 -1 -1
MST_04/00366.jpg -1 -1 -1 1 -1 -1 -1 -1 -1 -1
MST_04/00367.jpg -1 -1 -1 1 -1 -1 -1 -1 -1 -1
MST_04/00370.jpg -1 -1 -1 1 -1 -1 -1 -1 -1 -1
MST_04/00371.jpg -1 -1 -1 1 -1 -1 -1 -1 -1 -1
MST_04/00372.jpg -1 -1 -1 1 -1 -1 -1 -1 -1 -1
MST_04/00374.jpg -1 -1 -1 1 -1 -1 -1 -1 -1 -1
MST_04/00375.jpg -1 -1 -1 1 -1 -1 -1 -1 -1 -1
MST_04/00376.jpg -1 -1 -1 1 -1 -1 -1 -1 -1 -1
MST_04/00377.jpg -1 -1 -1 1 -1 -1 -1 -1 -1 -1
MST_04/00379.jpg -1 -1 -1 1 -1 -1 -1 -1 -1 -1
MST_04/00381.jpg -1 -1 -1 1 -1 -1 -1 -1 -1 -1
MST_04/00383.jpg -1 -1 -1 1 -1 -1 -1 -1 -1 -1
MST_04/00384.jpg -1 -1 -1 1 -1 -1 -1 -1 -1 -1
MST_04/00385.jpg -1 -1 -1 1 -1 -1 -1 -1 -1 -1
MST_04/00387.jpg -1 -1 -1 1 -1 -1 -1 -1 -1 -1
MST_04/00390.jpg -1 -1 -1 1 -1 -1 -1 -1 -1 -1
MST_04/00391.jpg -1 -1 -1 1 -1 -1 -1 -1 -1 -1
MST_04/00392.jpg -1 -1 -1 1 -1 -1 -1 -1 -1 -1
MST_04/00393.jpg -1 -1 -1 1 -1 -1 -1 -1 -1 -1
MST_04/00394.jpg -1 -1 -1 1 -1 -1 -1 -1 -1 -1
MST_04/00395.jpg -1 -1 -1 1 -1 -1 -1 -1 -1 -1
MST_04/00396.jpg -1 -1 -1 1 -1 -1 -1 -1 -1 -1
MST_04/00397.jpg -1 -1 -1 1 -1 -1 -1 -1 -1 -1
MST_04/00398.jpg -1 -1 -1 1 -1 -1 -1 -1 -1 -1
MST_04/00399.jpg -1 -1 -1 1 -1 -1 -1 -1 -1 -1
MST_04/00400.jpg -1 -1 -1 1 -1 -1 -1 -1 -1 -1
MST_04/00401.jpg -1 -1 -1 1 -1 -1 -1 -1 -1 -1
MST_04/00403.jpg -1 -1 -1 1 -1 -1 -1 -1 -1 -1
MST_04/00405.jpg -1 -1 -1 1 -1 -1 -1 -1 -1 -1
MST_04/00406.jpg -1 -1 -1 1 -1 -1 -1 -1 -1 -1
MST_04/00407.jpg -1 -1 -1 1 -1 -1 -1 -1 -1 -1
MST_04/00409.jpg -1 -1 -1 1 -1 -1 -1 -1 -1 -1
MST_04/00411.jpg -1 -1 -1 1 -1 -1 -1 -1 -1 -1
MST_04/00412.jpg -1 -1 -1 1 -1 -1 -1 -1 -1 -1
MST_04/00413.jpg -1 -1 -1 1 -1 -1 -1 -1 -1 -1
MST_04/00414.jpg -1 -1 -1 1 -1 -1 -1 -1 -1 -1
MST_04/00415.jpg -1 -1 -1 1 -1 -1 -1 -1 -1 -1
MST_04/00419.jpg -1 -1 -1 1 -1 -1 -1 -1 -1 -1
MST_04/00420.jpg -1 -1 -1 1 -1 -1 -1 -1 -1 -1
MST_04/00421.jpg -1 -1 -1 1 -1 -1 -1 -1 -1 -1
MST_04/00422.jpg -1 -1 -1 1 -1 -1 -1 -1 -1 -1
MST_04/00423.jpg -1 -1 -1 1 -1 -1 -1 -1 -1 -1
MST_04/00424.jpg -1 -1 -1 1 -1 -1 -1 -1 -1 -1
MST_04/00425.jpg -1 -1 -1 1 -1 -1 -1 -1 -1 -1
MST_04/00426.jpg -1 -1 -1 1 -1 -1 -1 -1 -1 -1
MST_04/00428.jpg -1 -1 -1 1 -1 -1 -1 -1 -1 -1
MST_04/00429.jpg -1 -1 -1 1 -1 -1 -1 -1 -1 -1
MST_04/00430.jpg -1 -1 -1 1 -1 -1 -1 -1 -1 -1
MST_04/00431.jpg -1 -1 -1 1 -1 -1 -1 -1 -1 -1
MST_04/00432.jpg -1 -1 -1 1 -1 -1 -1 -1 -1 -1
MST_04/00433.jpg -1 -1 -1 1 -1 -1 -1 -1 -1 -1
MST_04/00434.jpg -1 -1 -1 1 -1 -1 -1 -1 -1 -1
MST_04/00435.jpg -1 -1 -1 1 -1 -1 -1 -1 -1 -1
MST_04/00438.jpg -1 -1 -1 1 -1 -1 -1 -1 -1 -1
MST_04/00439.jpg -1 -1 -1 1 -1 -1 -1 -1 -1 -1
MST_04/00440.jpg -1 -1 -1 1 -1 -1 -1 -1 -1 -1
MST_04/00441.jpg -1 -1 -1 1 -1 -1 -1 -1 -1 -1
MST_04/00442.jpg -1 -1 -1 1 -1 -1 -1 -1 -1 -1
MST_04/00443.jpg -1 -1 -1 1 -1 -1 -1 -1 -1 -1
MST_04/00444.jpg -1 -1 -1 1 -1 -1 -1 -1 -1 -1
MST_04/00445.jpg -1 -1 -1 1 -1 -1 -1 -1 -1 -1
MST_04/00446.jpg -1 -1 -1 1 -1 -1 -1 -1 -1 -1
MST_04/00447.jpg -1 -1 -1 1 -1 -1 -1 -1 -1 -1
MST_04/00448.jpg -1 -1 -1 1 -1 -1 -1 -1 -1 -1
MST_04/00449.jpg -1 -1 -1 1 -1 -1 -1 -1 -1 -1
MST_04/00450.jpg -1 -1 -1 1 -1 -1 -1 -1 -1 -1
MST_04/00451.jpg -1 -1 -1 1 -1 -1 -1 -1 -1 -1
MST_04/00452.jpg -1 -1 -1 1 -1 -1 -1 -1 -1 -1
MST_04/00454.jpg -1 -1 -1 1 -1 -1 -1 -1 -1 -1
MST_04/00455.jpg -1 -1 -1 1 -1 -1 -1 -1 -1 -1
MST_04/00456.jpg -1 -1 -1 1 -1 -1 -1 -1 -1 -1
MST_04/00458.jpg -1 -1 -1 1 -1 -1 -1 -1 -1 -1
MST_04/00460.jpg -1 -1 -1 1 -1 -1 -1 -1 -1 -1
MST_04/00462.jpg -1 -1 -1 1 -1 -1 -1 -1 -1 -1
MST_04/00463.jpg -1 -1 -1 1 -1 -1 -1 -1 -1 -1
MST_04/00464.jpg -1 -1 -1 1 -1 -1 -1 -1 -1 -1
MST_04/00465.jpg -1 -1 -1 1 -1 -1 -1 -1 -1 -1
MST_04/00466.jpg -1 -1 -1 1 -1 -1 -1 -1 -1 -1
MST_04/00467.jpg -1 -1 -1 1 -1 -1 -1 -1 -1 -1
MST_04/00468.jpg -1 -1 -1 1 -1 -1 -1 -1 -1 -1
MST_04/00469.jpg -1 -1 -1 1 -1 -1 -1 -1 -1 -1
MST_04/00470.jpg -1 -1 -1 1 -1 -1 -1 -1 -1 -1
MST_04/00471.jpg -1 -1 -1 1 -1 -1 -1 -1 -1 -1
MST_04/00472.jpg -1 -1 -1 1 -1 -1 -1 -1 -1 -1
MST_04/00474.jpg -1 -1 -1 1 -1 -1 -1 -1 -1 -1
MST_04/00475.jpg -1 -1 -1 1 -1 -1 -1 -1 -1 -1
MST_04/00477.jpg -1 -1 -1 1 -1 -1 -1 -1 -1 -1
MST_04/00478.jpg -1 -1 -1 1 -1 -1 -1 -1 -1 -1
MST_04/00480.jpg -1 -1 -1 1 -1 -1 -1 -1 -1 -1
MST_04/00482.jpg -1 -1 -1 1 -1 -1 -1 -1 -1 -1
MST_04/00483.jpg -1 -1 -1 1 -1 -1 -1 -1 -1 -1
MST_04/00485.jpg -1 -1 -1 1 -1 -1 -1 -1 -1 -1
MST_04/00486.jpg -1 -1 -1 1 -1 -1 -1 -1 -1 -1
MST_04/00487.jpg -1 -1 -1 1 -1 -1 -1 -1 -1 -1
MST_04/00488.jpg -1 -1 -1 1 -1 -1 -1 -1 -1 -1
MST_04/00489.jpg -1 -1 -1 1 -1 -1 -1 -1 -1 -1
MST_04/00490.jpg -1 -1 -1 1 -1 -1 -1 -1 -1 -1
MST_04/00491.jpg -1 -1 -1 1 -1 -1 -1 -1 -1 -1
MST_04/00492.jpg -1 -1 -1 1 -1 -1 -1 -1 -1 -1
MST_04/00493.jpg -1 -1 -1 1 -1 -1 -1 -1 -1 -1
MST_04/00494.jpg -1 -1 -1 1 -1 -1 -1 -1 -1 -1
MST_04/00495.jpg -1 -1 -1 1 -1 -1 -1 -1 -1 -1
MST_04/00497.jpg -1 -1 -1 1 -1 -1 -1 -1 -1 -1
MST_04/00498.jpg -1 -1 -1 1 -1 -1 -1 -1 -1 -1
MST_04/00501.jpg -1 -1 -1 1 -1 -1 -1 -1 -1 -1
MST_04/00502.jpg -1 -1 -1 1 -1 -1 -1 -1 -1 -1
MST_04/00504.jpg -1 -1 -1 1 -1 -1 -1 -1 -1 -1
MST_04/00507.jpg -1 -1 -1 1 -1 -1 -1 -1 -1 -1
MST_04/00508.jpg -1 -1 -1 1 -1 -1 -1 -1 -1 -1
MST_04/00509.jpg -1 -1 -1 1 -1 -1 -1 -1 -1 -1
MST_04/00511.jpg -1 -1 -1 1 -1 -1 -1 -1 -1 -1
MST_04/00512.jpg -1 -1 -1 1 -1 -1 -1 -1 -1 -1
MST_04/00513.jpg -1 -1 -1 1 -1 -1 -1 -1 -1 -1
MST_04/00515.jpg -1 -1 -1 1 -1 -1 -1 -1 -1 -1
MST_04/00516.jpg -1 -1 -1 1 -1 -1 -1 -1 -1 -1
MST_04/00518.jpg -1 -1 -1 1 -1 -1 -1 -1 -1 -1
MST_04/00519.jpg -1 -1 -1 1 -1 -1 -1 -1 -1 -1
MST_04/00520.jpg -1 -1 -1 1 -1 -1 -1 -1 -1 -1
MST_04/00521.jpg -1 -1 -1 1 -1 -1 -1 -1 -1 -1
MST_04/00524.jpg -1 -1 -1 1 -1 -1 -1 -1 -1 -1
MST_04/00526.jpg -1 -1 -1 1 -1 -1 -1 -1 -1 -1
MST_04/00527.jpg -1 -1 -1 1 -1 -1 -1 -1 -1 -1
MST_04/00528.jpg -1 -1 -1 1 -1 -1 -1 -1 -1 -1
MST_04/00529.jpg -1 -1 -1 1 -1 -1 -1 -1 -1 -1
MST_04/00530.jpg -1 -1 -1 1 -1 -1 -1 -1 -1 -1
MST_04/00531.jpg -1 -1 -1 1 -1 -1 -1 -1 -1 -1
MST_04/00532.jpg -1 -1 -1 1 -1 -1 -1 -1 -1 -1
MST_04/00533.jpg -1 -1 -1 1 -1 -1 -1 -1 -1 -1
MST_04/00534.jpg -1 -1 -1 1 -1 -1 -1 -1 -1 -1
MST_04/00535.jpg -1 -1 -1 1 -1 -1 -1 -1 -1 -1
MST_04/00536.jpg -1 -1 -1 1 -1 -1 -1 -1 -1 -1
MST_04/00538.jpg -1 -1 -1 1 -1 -1 -1 -1 -1 -1
MST_04/00539.jpg -1 -1 -1 1 -1 -1 -1 -1 -1 -1
MST_04/00540.jpg -1 -1 -1 1 -1 -1 -1 -1 -1 -1
MST_04/00541.jpg -1 -1 -1 1 -1 -1 -1 -1 -1 -1
MST_04/00542.jpg -1 -1 -1 1 -1 -1 -1 -1 -1 -1
MST_04/00543.jpg -1 -1 -1 1 -1 -1 -1 -1 -1 -1
MST_04/00544.jpg -1 -1 -1 1 -1 -1 -1 -1 -1 -1
MST_04/00545.jpg -1 -1 -1 1 -1 -1 -1 -1 -1 -1
MST_04/00547.jpg -1 -1 -1 1 -1 -1 -1 -1 -1 -1
MST_04/00548.jpg -1 -1 -1 1 -1 -1 -1 -1 -1 -1
MST_04/00549.jpg -1 -1 -1 1 -1 -1 -1 -1 -1 -1
MST_04/00551.jpg -1 -1 -1 1 -1 -1 -1 -1 -1 -1
MST_04/00552.jpg -1 -1 -1 1 -1 -1 -1 -1 -1 -1
MST_04/00553.jpg -1 -1 -1 1 -1 -1 -1 -1 -1 -1
MST_04/00554.jpg -1 -1 -1 1 -1 -1 -1 -1 -1 -1
MST_04/00555.jpg -1 -1 -1 1 -1 -1 -1 -1 -1 -1
MST_04/00556.jpg -1 -1 -1 1 -1 -1 -1 -1 -1 -1
MST_04/00558.jpg -1 -1 -1 1 -1 -1 -1 -1 -1 -1
MST_04/00559.jpg -1 -1 -1 1 -1 -1 -1 -1 -1 -1
MST_04/00560.jpg -1 -1 -1 1 -1 -1 -1 -1 -1 -1
MST_04/00561.jpg -1 -1 -1 1 -1 -1 -1 -1 -1 -1
MST_04/00562.jpg -1 -1 -1 1 -1 -1 -1 -1 -1 -1
MST_04/00563.jpg -1 -1 -1 1 -1 -1 -1 -1 -1 -1
MST_04/00564.jpg -1 -1 -1 1 -1 -1 -1 -1 -1 -1
MST_04/00565.jpg -1 -1 -1 1 -1 -1 -1 -1 -1 -1
MST_04/00566.jpg -1 -1 -1 1 -1 -1 -1 -1 -1 -1
MST_04/00567.jpg -1 -1 -1 1 -1 -1 -1 -1 -1 -1
MST_04/00569.jpg -1 -1 -1 1 -1 -1 -1 -1 -1 -1
MST_04/00570.jpg -1 -1 -1 1 -1 -1 -1 -1 -1 -1
MST_04/00571.jpg -1 -1 -1 1 -1 -1 -1 -1 -1 -1
MST_04/00572.jpg -1 -1 -1 1 -1 -1 -1 -1 -1 -1
MST_04/00573.jpg -1 -1 -1 1 -1 -1 -1 -1 -1 -1
MST_04/00575.jpg -1 -1 -1 1 -1 -1 -1 -1 -1 -1
MST_04/00577.jpg -1 -1 -1 1 -1 -1 -1 -1 -1 -1
MST_04/00578.jpg -1 -1 -1 1 -1 -1 -1 -1 -1 -1
MST_04/00579.jpg -1 -1 -1 1 -1 -1 -1 -1 -1 -1
MST_04/00580.jpg -1 -1 -1 1 -1 -1 -1 -1 -1 -1
MST_04/00582.jpg -1 -1 -1 1 -1 -1 -1 -1 -1 -1
MST_04/00583.jpg -1 -1 -1 1 -1 -1 -1 -1 -1 -1
MST_04/00584.jpg -1 -1 -1 1 -1 -1 -1 -1 -1 -1
MST_04/00586.jpg -1 -1 -1 1 -1 -1 -1 -1 -1 -1
MST_04/00587.jpg -1 -1 -1 1 -1 -1 -1 -1 -1 -1
MST_04/00588.jpg -1 -1 -1 1 -1 -1 -1 -1 -1 -1
MST_04/00589.jpg -1 -1 -1 1 -1 -1 -1 -1 -1 -1
MST_04/00590.jpg -1 -1 -1 1 -1 -1 -1 -1 -1 -1
MST_04/00591.jpg -1 -1 -1 1 -1 -1 -1 -1 -1 -1
MST_04/00592.jpg -1 -1 -1 1 -1 -1 -1 -1 -1 -1
MST_04/00593.jpg -1 -1 -1 1 -1 -1 -1 -1 -1 -1
MST_04/00594.jpg -1 -1 -1 1 -1 -1 -1 -1 -1 -1
MST_04/00595.jpg -1 -1 -1 1 -1 -1 -1 -1 -1 -1
MST_04/00596.jpg -1 -1 -1 1 -1 -1 -1 -1 -1 -1
MST_04/00597.jpg -1 -1 -1 1 -1 -1 -1 -1 -1 -1
MST_04/00598.jpg -1 -1 -1 1 -1 -1 -1 -1 -1 -1
MST_04/00600.jpg -1 -1 -1 1 -1 -1 -1 -1 -1 -1
MST_04/00604.jpg -1 -1 -1 1 -1 -1 -1 -1 -1 -1
MST_04/00605.jpg -1 -1 -1 1 -1 -1 -1 -1 -1 -1
MST_04/00606.jpg -1 -1 -1 1 -1 -1 -1 -1 -1 -1
MST_04/00607.jpg -1 -1 -1 1 -1 -1 -1 -1 -1 -1
MST_04/00608.jpg -1 -1 -1 1 -1 -1 -1 -1 -1 -1
MST_04/00611.jpg -1 -1 -1 1 -1 -1 -1 -1 -1 -1
MST_04/00612.jpg -1 -1 -1 1 -1 -1 -1 -1 -1 -1
MST_04/00613.jpg -1 -1 -1 1 -1 -1 -1 -1 -1 -1
MST_04/00615.jpg -1 -1 -1 1 -1 -1 -1 -1 -1 -1
MST_04/00617.jpg -1 -1 -1 1 -1 -1 -1 -1 -1 -1
MST_04/00618.jpg -1 -1 -1 1 -1 -1 -1 -1 -1 -1
MST_04/00619.jpg -1 -1 -1 1 -1 -1 -1 -1 -1 -1
MST_04/00620.jpg -1 -1 -1 1 -1 -1 -1 -1 -1 -1
MST_04/00621.jpg -1 -1 -1 1 -1 -1 -1 -1 -1 -1
MST_04/00622.jpg -1 -1 -1 1 -1 -1 -1 -1 -1 -1
MST_04/00623.jpg -1 -1 -1 1 -1 -1 -1 -1 -1 -1
MST_04/00624.jpg -1 -1 -1 1 -1 -1 -1 -1 -1 -1
MST_04/00626.jpg -1 -1 -1 1 -1 -1 -1 -1 -1 -1
MST_04/00627.jpg -1 -1 -1 1 -1 -1 -1 -1 -1 -1
MST_04/00628.jpg -1 -1 -1 1 -1 -1 -1 -1 -1 -1
MST_04/00630.jpg -1 -1 -1 1 -1 -1 -1 -1 -1 -1
MST_04/00632.jpg -1 -1 -1 1 -1 -1 -1 -1 -1 -1
MST_04/00633.jpg -1 -1 -1 1 -1 -1 -1 -1 -1 -1
MST_04/00634.jpg -1 -1 -1 1 -1 -1 -1 -1 -1 -1
MST_04/00637.jpg -1 -1 -1 1 -1 -1 -1 -1 -1 -1
MST_04/00638.jpg -1 -1 -1 1 -1 -1 -1 -1 -1 -1
MST_04/00640.jpg -1 -1 -1 1 -1 -1 -1 -1 -1 -1
MST_04/00641.jpg -1 -1 -1 1 -1 -1 -1 -1 -1 -1
MST_04/00642.jpg -1 -1 -1 1 -1 -1 -1 -1 -1 -1
MST_04/00643.jpg -1 -1 -1 1 -1 -1 -1 -1 -1 -1
MST_04/00644.jpg -1 -1 -1 1 -1 -1 -1 -1 -1 -1
MST_04/00645.jpg -1 -1 -1 1 -1 -1 -1 -1 -1 -1
MST_04/00648.jpg -1 -1 -1 1 -1 -1 -1 -1 -1 -1
MST_04/00649.jpg -1 -1 -1 1 -1 -1 -1 -1 -1 -1
MST_04/00651.jpg -1 -1 -1 1 -1 -1 -1 -1 -1 -1
MST_04/00652.jpg -1 -1 -1 1 -1 -1 -1 -1 -1 -1
MST_04/00653.jpg -1 -1 -1 1 -1 -1 -1 -1 -1 -1
MST_04/00654.jpg -1 -1 -1 1 -1 -1 -1 -1 -1 -1
MST_04/00655.jpg -1 -1 -1 1 -1 -1 -1 -1 -1 -1
MST_04/00657.jpg -1 -1 -1 1 -1 -1 -1 -1 -1 -1
MST_04/00658.jpg -1 -1 -1 1 -1 -1 -1 -1 -1 -1
MST_04/00659.jpg -1 -1 -1 1 -1 -1 -1 -1 -1 -1
MST_04/00660.jpg -1 -1 -1 1 -1 -1 -1 -1 -1 -1
MST_04/00662.jpg -1 -1 -1 1 -1 -1 -1 -1 -1 -1
MST_04/00664.jpg -1 -1 -1 1 -1 -1 -1 -1 -1 -1
MST_04/00667.jpg -1 -1 -1 1 -1 -1 -1 -1 -1 -1
MST_04/00668.jpg -1 -1 -1 1 -1 -1 -1 -1 -1 -1
MST_04/00669.jpg -1 -1 -1 1 -1 -1 -1 -1 -1 -1
MST_04/00673.jpg -1 -1 -1 1 -1 -1 -1 -1 -1 -1
MST_04/00674.jpg -1 -1 -1 1 -1 -1 -1 -1 -1 -1
MST_04/00675.jpg -1 -1 -1 1 -1 -1 -1 -1 -1 -1
MST_04/00677.jpg -1 -1 -1 1 -1 -1 -1 -1 -1 -1
MST_04/00678.jpg -1 -1 -1 1 -1 -1 -1 -1 -1 -1
MST_04/00679.jpg -1 -1 -1 1 -1 -1 -1 -1 -1 -1
MST_04/00680.jpg -1 -1 -1 1 -1 -1 -1 -1 -1 -1
MST_04/00681.jpg -1 -1 -1 1 -1 -1 -1 -1 -1 -1
MST_04/00682.jpg -1 -1 -1 1 -1 -1 -1 -1 -1 -1
MST_04/00683.jpg -1 -1 -1 1 -1 -1 -1 -1 -1 -1
MST_04/00685.jpg -1 -1 -1 1 -1 -1 -1 -1 -1 -1
MST_04/00686.jpg -1 -1 -1 1 -1 -1 -1 -1 -1 -1
MST_04/00687.jpg -1 -1 -1 1 -1 -1 -1 -1 -1 -1
MST_04/00688.jpg -1 -1 -1 1 -1 -1 -1 -1 -1 -1
MST_04/00689.jpg -1 -1 -1 1 -1 -1 -1 -1 -1 -1
MST_04/00690.jpg -1 -1 -1 1 -1 -1 -1 -1 -1 -1
MST_04/00691.jpg -1 -1 -1 1 -1 -1 -1 -1 -1 -1
MST_04/00692.jpg -1 -1 -1 1 -1 -1 -1 -1 -1 -1
MST_04/00693.jpg -1 -1 -1 1 -1 -1 -1 -1 -1 -1
MST_04/00694.jpg -1 -1 -1 1 -1 -1 -1 -1 -1 -1
MST_04/00695.jpg -1 -1 -1 1 -1 -1 -1 -1 -1 -1
MST_04/00696.jpg -1 -1 -1 1 -1 -1 -1 -1 -1 -1
MST_04/00697.jpg -1 -1 -1 1 -1 -1 -1 -1 -1 -1
MST_04/00698.jpg -1 -1 -1 1 -1 -1 -1 -1 -1 -1
MST_04/00699.jpg -1 -1 -1 1 -1 -1 -1 -1 -1 -1
MST_04/00700.jpg -1 -1 -1 1 -1 -1 -1 -1 -1 -1
MST_04/00701.jpg -1 -1 -1 1 -1 -1 -1 -1 -1 -1
MST_04/00702.jpg -1 -1 -1 1 -1 -1 -1 -1 -1 -1
MST_04/00703.jpg -1 -1 -1 1 -1 -1 -1 -1 -1 -1
MST_04/00704.jpg -1 -1 -1 1 -1 -1 -1 -1 -1 -1
MST_04/00705.jpg -1 -1 -1 1 -1 -1 -1 -1 -1 -1
MST_04/00706.jpg -1 -1 -1 1 -1 -1 -1 -1 -1 -1
MST_04/00707.jpg -1 -1 -1 1 -1 -1 -1 -1 -1 -1
MST_04/00708.jpg -1 -1 -1 1 -1 -1 -1 -1 -1 -1
MST_04/00709.jpg -1 -1 -1 1 -1 -1 -1 -1 -1 -1
MST_04/00710.jpg -1 -1 -1 1 -1 -1 -1 -1 -1 -1
MST_04/00711.jpg -1 -1 -1 1 -1 -1 -1 -1 -1 -1
MST_04/00712.jpg -1 -1 -1 1 -1 -1 -1 -1 -1 -1
MST_04/00714.jpg -1 -1 -1 1 -1 -1 -1 -1 -1 -1
MST_04/00717.jpg -1 -1 -1 1 -1 -1 -1 -1 -1 -1
MST_04/00719.jpg -1 -1 -1 1 -1 -1 -1 -1 -1 -1
MST_04/00720.jpg -1 -1 -1 1 -1 -1 -1 -1 -1 -1
MST_04/00722.jpg -1 -1 -1 1 -1 -1 -1 -1 -1 -1
MST_04/00723.jpg -1 -1 -1 1 -1 -1 -1 -1 -1 -1
MST_04/00725.jpg -1 -1 -1 1 -1 -1 -1 -1 -1 -1
MST_04/00727.jpg -1 -1 -1 1 -1 -1 -1 -1 -1 -1
MST_04/00728.jpg -1 -1 -1 1 -1 -1 -1 -1 -1 -1
MST_04/00729.jpg -1 -1 -1 1 -1 -1 -1 -1 -1 -1
MST_04/00730.jpg -1 -1 -1 1 -1 -1 -1 -1 -1 -1
MST_04/00732.jpg -1 -1 -1 1 -1 -1 -1 -1 -1 -1
MST_04/00733.jpg -1 -1 -1 1 -1 -1 -1 -1 -1 -1
MST_04/00734.jpg -1 -1 -1 1 -1 -1 -1 -1 -1 -1
MST_04/00735.jpg -1 -1 -1 1 -1 -1 -1 -1 -1 -1
MST_04/00736.jpg -1 -1 -1 1 -1 -1 -1 -1 -1 -1
MST_04/00738.jpg -1 -1 -1 1 -1 -1 -1 -1 -1 -1
MST_04/00739.jpg -1 -1 -1 1 -1 -1 -1 -1 -1 -1
MST_04/00740.jpg -1 -1 -1 1 -1 -1 -1 -1 -1 -1
MST_04/00742.jpg -1 -1 -1 1 -1 -1 -1 -1 -1 -1
MST_04/00744.jpg -1 -1 -1 1 -1 -1 -1 -1 -1 -1
MST_04/00749.jpg -1 -1 -1 1 -1 -1 -1 -1 -1 -1
MST_04/00752.jpg -1 -1 -1 1 -1 -1 -1 -1 -1 -1
MST_04/00753.jpg -1 -1 -1 1 -1 -1 -1 -1 -1 -1
MST_04/00754.jpg -1 -1 -1 1 -1 -1 -1 -1 -1 -1
MST_04/00756.jpg -1 -1 -1 1 -1 -1 -1 -1 -1 -1
MST_04/00757.jpg -1 -1 -1 1 -1 -1 -1 -1 -1 -1
MST_04/00758.jpg -1 -1 -1 1 -1 -1 -1 -1 -1 -1
MST_04/00759.jpg -1 -1 -1 1 -1 -1 -1 -1 -1 -1
MST_04/00760.jpg -1 -1 -1 1 -1 -1 -1 -1 -1 -1
MST_04/00761.jpg -1 -1 -1 1 -1 -1 -1 -1 -1 -1
MST_04/00762.jpg -1 -1 -1 1 -1 -1 -1 -1 -1 -1
MST_04/00763.jpg -1 -1 -1 1 -1 -1 -1 -1 -1 -1
MST_04/00764.jpg -1 -1 -1 1 -1 -1 -1 -1 -1 -1
MST_04/00765.jpg -1 -1 -1 1 -1 -1 -1 -1 -1 -1
MST_04/00767.jpg -1 -1 -1 1 -1 -1 -1 -1 -1 -1
MST_04/00768.jpg -1 -1 -1 1 -1 -1 -1 -1 -1 -1
MST_04/00769.jpg -1 -1 -1 1 -1 -1 -1 -1 -1 -1
MST_04/00772.jpg -1 -1 -1 1 -1 -1 -1 -1 -1 -1
MST_04/00773.jpg -1 -1 -1 1 -1 -1 -1 -1 -1 -1
MST_04/00774.jpg -1 -1 -1 1 -1 -1 -1 -1 -1 -1
MST_04/00775.jpg -1 -1 -1 1 -1 -1 -1 -1 -1 -1
MST_04/00776.jpg -1 -1 -1 1 -1 -1 -1 -1 -1 -1
MST_04/00777.jpg -1 -1 -1 1 -1 -1 -1 -1 -1 -1
MST_04/00779.jpg -1 -1 -1 1 -1 -1 -1 -1 -1 -1
MST_04/00780.jpg -1 -1 -1 1 -1 -1 -1 -1 -1 -1
MST_04/00782.jpg -1 -1 -1 1 -1 -1 -1 -1 -1 -1
MST_04/00783.jpg -1 -1 -1 1 -1 -1 -1 -1 -1 -1
MST_04/00784.jpg -1 -1 -1 1 -1 -1 -1 -1 -1 -1
MST_04/00786.jpg -1 -1 -1 1 -1 -1 -1 -1 -1 -1
MST_04/00788.jpg -1 -1 -1 1 -1 -1 -1 -1 -1 -1
MST_04/00789.jpg -1 -1 -1 1 -1 -1 -1 -1 -1 -1
MST_04/00790.jpg -1 -1 -1 1 -1 -1 -1 -1 -1 -1
MST_04/00792.jpg -1 -1 -1 1 -1 -1 -1 -1 -1 -1
MST_04/00793.jpg -1 -1 -1 1 -1 -1 -1 -1 -1 -1
MST_04/00795.jpg -1 -1 -1 1 -1 -1 -1 -1 -1 -1
MST_04/00796.jpg -1 -1 -1 1 -1 -1 -1 -1 -1 -1
MST_04/00797.jpg -1 -1 -1 1 -1 -1 -1 -1 -1 -1
MST_04/00798.jpg -1 -1 -1 1 -1 -1 -1 -1 -1 -1
MST_04/00800.jpg -1 -1 -1 1 -1 -1 -1 -1 -1 -1
MST_04/00801.jpg -1 -1 -1 1 -1 -1 -1 -1 -1 -1
MST_04/00802.jpg -1 -1 -1 1 -1 -1 -1 -1 -1 -1
MST_04/00803.jpg -1 -1 -1 1 -1 -1 -1 -1 -1 -1
MST_04/00804.jpg -1 -1 -1 1 -1 -1 -1 -1 -1 -1
MST_04/00805.jpg -1 -1 -1 1 -1 -1 -1 -1 -1 -1
MST_04/00806.jpg -1 -1 -1 1 -1 -1 -1 -1 -1 -1
MST_04/00807.jpg -1 -1 -1 1 -1 -1 -1 -1 -1 -1
MST_04/00808.jpg -1 -1 -1 1 -1 -1 -1 -1 -1 -1
MST_04/00810.jpg -1 -1 -1 1 -1 -1 -1 -1 -1 -1
MST_04/00811.jpg -1 -1 -1 1 -1 -1 -1 -1 -1 -1
MST_04/00813.jpg -1 -1 -1 1 -1 -1 -1 -1 -1 -1
MST_04/00814.jpg -1 -1 -1 1 -1 -1 -1 -1 -1 -1
MST_04/00815.jpg -1 -1 -1 1 -1 -1 -1 -1 -1 -1
MST_04/00817.jpg -1 -1 -1 1 -1 -1 -1 -1 -1 -1
MST_04/00819.jpg -1 -1 -1 1 -1 -1 -1 -1 -1 -1
MST_04/00820.jpg -1 -1 -1 1 -1 -1 -1 -1 -1 -1
MST_04/00822.jpg -1 -1 -1 1 -1 -1 -1 -1 -1 -1
MST_04/00825.jpg -1 -1 -1 1 -1 -1 -1 -1 -1 -1
MST_04/00827.jpg -1 -1 -1 1 -1 -1 -1 -1 -1 -1
MST_04/00828.jpg -1 -1 -1 1 -1 -1 -1 -1 -1 -1
MST_04/00830.jpg -1 -1 -1 1 -1 -1 -1 -1 -1 -1
MST_04/00831.jpg -1 -1 -1 1 -1 -1 -1 -1 -1 -1
MST_04/00832.jpg -1 -1 -1 1 -1 -1 -1 -1 -1 -1
MST_04/00834.jpg -1 -1 -1 1 -1 -1 -1 -1 -1 -1
MST_04/00836.jpg -1 -1 -1 1 -1 -1 -1 -1 -1 -1
MST_04/00837.jpg -1 -1 -1 1 -1 -1 -1 -1 -1 -1
MST_04/00839.jpg -1 -1 -1 1 -1 -1 -1 -1 -1 -1
MST_04/00841.jpg -1 -1 -1 1 -1 -1 -1 -1 -1 -1
MST_04/00843.jpg -1 -1 -1 1 -1 -1 -1 -1 -1 -1
MST_04/00844.jpg -1 -1 -1 1 -1 -1 -1 -1 -1 -1
MST_04/00845.jpg -1 -1 -1 1 -1 -1 -1 -1 -1 -1
MST_04/00846.jpg -1 -1 -1 1 -1 -1 -1 -1 -1 -1
MST_04/00848.jpg -1 -1 -1 1 -1 -1 -1 -1 -1 -1
MST_04/00849.jpg -1 -1 -1 1 -1 -1 -1 -1 -1 -1
MST_04/00850.jpg -1 -1 -1 1 -1 -1 -1 -1 -1 -1
MST_04/00851.jpg -1 -1 -1 1 -1 -1 -1 -1 -1 -1
MST_04/00852.jpg -1 -1 -1 1 -1 -1 -1 -1 -1 -1
MST_04/00853.jpg -1 -1 -1 1 -1 -1 -1 -1 -1 -1
MST_04/00854.jpg -1 -1 -1 1 -1 -1 -1 -1 -1 -1
MST_04/00855.jpg -1 -1 -1 1 -1 -1 -1 -1 -1 -1
MST_04/00856.jpg -1 -1 -1 1 -1 -1 -1 -1 -1 -1
MST_04/00857.jpg -1 -1 -1 1 -1 -1 -1 -1 -1 -1
MST_04/00858.jpg -1 -1 -1 1 -1 -1 -1 -1 -1 -1
MST_04/00859.jpg -1 -1 -1 1 -1 -1 -1 -1 -1 -1
MST_04/00860.jpg -1 -1 -1 1 -1 -1 -1 -1 -1 -1
MST_04/00862.jpg -1 -1 -1 1 -1 -1 -1 -1 -1 -1
MST_04/00863.jpg -1 -1 -1 1 -1 -1 -1 -1 -1 -1
MST_04/00864.jpg -1 -1 -1 1 -1 -1 -1 -1 -1 -1
MST_04/00865.jpg -1 -1 -1 1 -1 -1 -1 -1 -1 -1
MST_04/00866.jpg -1 -1 -1 1 -1 -1 -1 -1 -1 -1
MST_04/00868.jpg -1 -1 -1 1 -1 -1 -1 -1 -1 -1
MST_04/00869.jpg -1 -1 -1 1 -1 -1 -1 -1 -1 -1
MST_04/00870.jpg -1 -1 -1 1 -1 -1 -1 -1 -1 -1
MST_04/00872.jpg -1 -1 -1 1 -1 -1 -1 -1 -1 -1
MST_04/00873.jpg -1 -1 -1 1 -1 -1 -1 -1 -1 -1
MST_04/00874.jpg -1 -1 -1 1 -1 -1 -1 -1 -1 -1
MST_04/00876.jpg -1 -1 -1 1 -1 -1 -1 -1 -1 -1
MST_04/00877.jpg -1 -1 -1 1 -1 -1 -1 -1 -1 -1
MST_04/00878.jpg -1 -1 -1 1 -1 -1 -1 -1 -1 -1
MST_04/00881.jpg -1 -1 -1 1 -1 -1 -1 -1 -1 -1
MST_04/00882.jpg -1 -1 -1 1 -1 -1 -1 -1 -1 -1
MST_04/00883.jpg -1 -1 -1 1 -1 -1 -1 -1 -1 -1
MST_04/00884.jpg -1 -1 -1 1 -1 -1 -1 -1 -1 -1
MST_04/00885.jpg -1 -1 -1 1 -1 -1 -1 -1 -1 -1
MST_04/00886.jpg -1 -1 -1 1 -1 -1 -1 -1 -1 -1
MST_04/00887.jpg -1 -1 -1 1 -1 -1 -1 -1 -1 -1
MST_04/00888.jpg -1 -1 -1 1 -1 -1 -1 -1 -1 -1
MST_04/00892.jpg -1 -1 -1 1 -1 -1 -1 -1 -1 -1
MST_04/00893.jpg -1 -1 -1 1 -1 -1 -1 -1 -1 -1
MST_04/00894.jpg -1 -1 -1 1 -1 -1 -1 -1 -1 -1
MST_04/00895.jpg -1 -1 -1 1 -1 -1 -1 -1 -1 -1
MST_04/00896.jpg -1 -1 -1 1 -1 -1 -1 -1 -1 -1
MST_04/00897.jpg -1 -1 -1 1 -1 -1 -1 -1 -1 -1
MST_04/00898.jpg -1 -1 -1 1 -1 -1 -1 -1 -1 -1
MST_04/00899.jpg -1 -1 -1 1 -1 -1 -1 -1 -1 -1
MST_04/00900.jpg -1 -1 -1 1 -1 -1 -1 -1 -1 -1
MST_04/00901.jpg -1 -1 -1 1 -1 -1 -1 -1 -1 -1
MST_04/00902.jpg -1 -1 -1 1 -1 -1 -1 -1 -1 -1
MST_04/00903.jpg -1 -1 -1 1 -1 -1 -1 -1 -1 -1
MST_04/00904.jpg -1 -1 -1 1 -1 -1 -1 -1 -1 -1
MST_04/00905.jpg -1 -1 -1 1 -1 -1 -1 -1 -1 -1
MST_04/00906.jpg -1 -1 -1 1 -1 -1 -1 -1 -1 -1
MST_04/00907.jpg -1 -1 -1 1 -1 -1 -1 -1 -1 -1
MST_04/00908.jpg -1 -1 -1 1 -1 -1 -1 -1 -1 -1
MST_04/00910.jpg -1 -1 -1 1 -1 -1 -1 -1 -1 -1
MST_04/00911.jpg -1 -1 -1 1 -1 -1 -1 -1 -1 -1
MST_04/00912.jpg -1 -1 -1 1 -1 -1 -1 -1 -1 -1
MST_04/00913.jpg -1 -1 -1 1 -1 -1 -1 -1 -1 -1
MST_04/00914.jpg -1 -1 -1 1 -1 -1 -1 -1 -1 -1
MST_04/00915.jpg -1 -1 -1 1 -1 -1 -1 -1 -1 -1
MST_04/00916.jpg -1 -1 -1 1 -1 -1 -1 -1 -1 -1
MST_04/00917.jpg -1 -1 -1 1 -1 -1 -1 -1 -1 -1
MST_04/00918.jpg -1 -1 -1 1 -1 -1 -1 -1 -1 -1
MST_04/00919.jpg -1 -1 -1 1 -1 -1 -1 -1 -1 -1
MST_04/00920.jpg -1 -1 -1 1 -1 -1 -1 -1 -1 -1
MST_04/00922.jpg -1 -1 -1 1 -1 -1 -1 -1 -1 -1
MST_04/00923.jpg -1 -1 -1 1 -1 -1 -1 -1 -1 -1
MST_04/00925.jpg -1 -1 -1 1 -1 -1 -1 -1 -1 -1
MST_04/00926.jpg -1 -1 -1 1 -1 -1 -1 -1 -1 -1
MST_04/00927.jpg -1 -1 -1 1 -1 -1 -1 -1 -1 -1
MST_04/00928.jpg -1 -1 -1 1 -1 -1 -1 -1 -1 -1
MST_04/00929.jpg -1 -1 -1 1 -1 -1 -1 -1 -1 -1
MST_04/00930.jpg -1 -1 -1 1 -1 -1 -1 -1 -1 -1
MST_04/00931.jpg -1 -1 -1 1 -1 -1 -1 -1 -1 -1
MST_04/00932.jpg -1 -1 -1 1 -1 -1 -1 -1 -1 -1
MST_04/00934.jpg -1 -1 -1 1 -1 -1 -1 -1 -1 -1
MST_04/00935.jpg -1 -1 -1 1 -1 -1 -1 -1 -1 -1
MST_04/00936.jpg -1 -1 -1 1 -1 -1 -1 -1 -1 -1
MST_04/00937.jpg -1 -1 -1 1 -1 -1 -1 -1 -1 -1
MST_04/00938.jpg -1 -1 -1 1 -1 -1 -1 -1 -1 -1
MST_04/00939.jpg -1 -1 -1 1 -1 -1 -1 -1 -1 -1
MST_04/00940.jpg -1 -1 -1 1 -1 -1 -1 -1 -1 -1
MST_04/00941.jpg -1 -1 -1 1 -1 -1 -1 -1 -1 -1
MST_04/00942.jpg -1 -1 -1 1 -1 -1 -1 -1 -1 -1
MST_04/00945.jpg -1 -1 -1 1 -1 -1 -1 -1 -1 -1
MST_04/00946.jpg -1 -1 -1 1 -1 -1 -1 -1 -1 -1
MST_04/00948.jpg -1 -1 -1 1 -1 -1 -1 -1 -1 -1
MST_04/00949.jpg -1 -1 -1 1 -1 -1 -1 -1 -1 -1
MST_04/00951.jpg -1 -1 -1 1 -1 -1 -1 -1 -1 -1
MST_04/00952.jpg -1 -1 -1 1 -1 -1 -1 -1 -1 -1
MST_04/00953.jpg -1 -1 -1 1 -1 -1 -1 -1 -1 -1
MST_04/00954.jpg -1 -1 -1 1 -1 -1 -1 -1 -1 -1
MST_04/00956.jpg -1 -1 -1 1 -1 -1 -1 -1 -1 -1
MST_04/00957.jpg -1 -1 -1 1 -1 -1 -1 -1 -1 -1
MST_04/00959.jpg -1 -1 -1 1 -1 -1 -1 -1 -1 -1
MST_04/00961.jpg -1 -1 -1 1 -1 -1 -1 -1 -1 -1
MST_04/00962.jpg -1 -1 -1 1 -1 -1 -1 -1 -1 -1
MST_04/00966.jpg -1 -1 -1 1 -1 -1 -1 -1 -1 -1
MST_04/00967.jpg -1 -1 -1 1 -1 -1 -1 -1 -1 -1
MST_04/00968.jpg -1 -1 -1 1 -1 -1 -1 -1 -1 -1
MST_04/00969.jpg -1 -1 -1 1 -1 -1 -1 -1 -1 -1
MST_04/00970.jpg -1 -1 -1 1 -1 -1 -1 -1 -1 -1
MST_04/00972.jpg -1 -1 -1 1 -1 -1 -1 -1 -1 -1
MST_04/00974.jpg -1 -1 -1 1 -1 -1 -1 -1 -1 -1
MST_04/00975.jpg -1 -1 -1 1 -1 -1 -1 -1 -1 -1
MST_04/00976.jpg -1 -1 -1 1 -1 -1 -1 -1 -1 -1
MST_04/00977.jpg -1 -1 -1 1 -1 -1 -1 -1 -1 -1
MST_04/00978.jpg -1 -1 -1 1 -1 -1 -1 -1 -1 -1
MST_04/00979.jpg -1 -1 -1 1 -1 -1 -1 -1 -1 -1
MST_04/00980.jpg -1 -1 -1 1 -1 -1 -1 -1 -1 -1
MST_04/00981.jpg -1 -1 -1 1 -1 -1 -1 -1 -1 -1
MST_04/00982.jpg -1 -1 -1 1 -1 -1 -1 -1 -1 -1
MST_04/00984.jpg -1 -1 -1 1 -1 -1 -1 -1 -1 -1
MST_04/00987.jpg -1 -1 -1 1 -1 -1 -1 -1 -1 -1
MST_04/00988.jpg -1 -1 -1 1 -1 -1 -1 -1 -1 -1
MST_04/00989.jpg -1 -1 -1 1 -1 -1 -1 -1 -1 -1
MST_04/00990.jpg -1 -1 -1 1 -1 -1 -1 -1 -1 -1
MST_04/00991.jpg -1 -1 -1 1 -1 -1 -1 -1 -1 -1
MST_04/00992.jpg -1 -1 -1 1 -1 -1 -1 -1 -1 -1
MST_04/00993.jpg -1 -1 -1 1 -1 -1 -1 -1 -1 -1
MST_04/00995.jpg -1 -1 -1 1 -1 -1 -1 -1 -1 -1
MST_04/00996.jpg -1 -1 -1 1 -1 -1 -1 -1 -1 -1
MST_04/00998.jpg -1 -1 -1 1 -1 -1 -1 -1 -1 -1
MST_04/00999.jpg -1 -1 -1 1 -1 -1 -1 -1 -1 -1
MST_04/01000.jpg -1 -1 -1 1 -1 -1 -1 -1 -1 -1
MST_04/01001.jpg -1 -1 -1 1 -1 -1 -1 -1 -1 -1
MST_04/01003.jpg -1 -1 -1 1 -1 -1 -1 -1 -1 -1
MST_04/01004.jpg -1 -1 -1 1 -1 -1 -1 -1 -1 -1
MST_04/01005.jpg -1 -1 -1 1 -1 -1 -1 -1 -1 -1
MST_04/01008.jpg -1 -1 -1 1 -1 -1 -1 -1 -1 -1
MST_04/01009.jpg -1 -1 -1 1 -1 -1 -1 -1 -1 -1
MST_04/01010.jpg -1 -1 -1 1 -1 -1 -1 -1 -1 -1
MST_04/01011.jpg -1 -1 -1 1 -1 -1 -1 -1 -1 -1
MST_04/01013.jpg -1 -1 -1 1 -1 -1 -1 -1 -1 -1
MST_04/01014.jpg -1 -1 -1 1 -1 -1 -1 -1 -1 -1
MST_04/01015.jpg -1 -1 -1 1 -1 -1 -1 -1 -1 -1
MST_04/01017.jpg -1 -1 -1 1 -1 -1 -1 -1 -1 -1
MST_04/01018.jpg -1 -1 -1 1 -1 -1 -1 -1 -1 -1
MST_04/01022.jpg -1 -1 -1 1 -1 -1 -1 -1 -1 -1
MST_04/01025.jpg -1 -1 -1 1 -1 -1 -1 -1 -1 -1
MST_04/01026.jpg -1 -1 -1 1 -1 -1 -1 -1 -1 -1
MST_04/01027.jpg -1 -1 -1 1 -1 -1 -1 -1 -1 -1
MST_04/01028.jpg -1 -1 -1 1 -1 -1 -1 -1 -1 -1
MST_04/01029.jpg -1 -1 -1 1 -1 -1 -1 -1 -1 -1
MST_04/01032.jpg -1 -1 -1 1 -1 -1 -1 -1 -1 -1
MST_04/01033.jpg -1 -1 -1 1 -1 -1 -1 -1 -1 -1
MST_04/01035.jpg -1 -1 -1 1 -1 -1 -1 -1 -1 -1
MST_04/01037.jpg -1 -1 -1 1 -1 -1 -1 -1 -1 -1
MST_04/01038.jpg -1 -1 -1 1 -1 -1 -1 -1 -1 -1
MST_04/01041.jpg -1 -1 -1 1 -1 -1 -1 -1 -1 -1
MST_04/01042.jpg -1 -1 -1 1 -1 -1 -1 -1 -1 -1
MST_04/01043.jpg -1 -1 -1 1 -1 -1 -1 -1 -1 -1
MST_04/01044.jpg -1 -1 -1 1 -1 -1 -1 -1 -1 -1
MST_04/01045.jpg -1 -1 -1 1 -1 -1 -1 -1 -1 -1
MST_04/01046.jpg -1 -1 -1 1 -1 -1 -1 -1 -1 -1
MST_04/01047.jpg -1 -1 -1 1 -1 -1 -1 -1 -1 -1
MST_04/01049.jpg -1 -1 -1 1 -1 -1 -1 -1 -1 -1
MST_04/01050.jpg -1 -1 -1 1 -1 -1 -1 -1 -1 -1
MST_04/01051.jpg -1 -1 -1 1 -1 -1 -1 -1 -1 -1
MST_04/01052.jpg -1 -1 -1 1 -1 -1 -1 -1 -1 -1
MST_04/01054.jpg -1 -1 -1 1 -1 -1 -1 -1 -1 -1
MST_04/01055.jpg -1 -1 -1 1 -1 -1 -1 -1 -1 -1
MST_04/01058.jpg -1 -1 -1 1 -1 -1 -1 -1 -1 -1
MST_04/01060.jpg -1 -1 -1 1 -1 -1 -1 -1 -1 -1
MST_04/01061.jpg -1 -1 -1 1 -1 -1 -1 -1 -1 -1
MST_04/01062.jpg -1 -1 -1 1 -1 -1 -1 -1 -1 -1
MST_04/01064.jpg -1 -1 -1 1 -1 -1 -1 -1 -1 -1
MST_04/01067.jpg -1 -1 -1 1 -1 -1 -1 -1 -1 -1
MST_04/01069.jpg -1 -1 -1 1 -1 -1 -1 -1 -1 -1
MST_04/01070.jpg -1 -1 -1 1 -1 -1 -1 -1 -1 -1
MST_04/01071.jpg -1 -1 -1 1 -1 -1 -1 -1 -1 -1
MST_04/01072.jpg -1 -1 -1 1 -1 -1 -1 -1 -1 -1
MST_04/01073.jpg -1 -1 -1 1 -1 -1 -1 -1 -1 -1
MST_04/01074.jpg -1 -1 -1 1 -1 -1 -1 -1 -1 -1
MST_04/01075.jpg -1 -1 -1 1 -1 -1 -1 -1 -1 -1
MST_04/01076.jpg -1 -1 -1 1 -1 -1 -1 -1 -1 -1
MST_04/01078.jpg -1 -1 -1 1 -1 -1 -1 -1 -1 -1
MST_04/01079.jpg -1 -1 -1 1 -1 -1 -1 -1 -1 -1
MST_04/01081.jpg -1 -1 -1 1 -1 -1 -1 -1 -1 -1
MST_04/01084.jpg -1 -1 -1 1 -1 -1 -1 -1 -1 -1
MST_04/01086.jpg -1 -1 -1 1 -1 -1 -1 -1 -1 -1
MST_04/01087.jpg -1 -1 -1 1 -1 -1 -1 -1 -1 -1
MST_04/01089.jpg -1 -1 -1 1 -1 -1 -1 -1 -1 -1
MST_04/01091.jpg -1 -1 -1 1 -1 -1 -1 -1 -1 -1
MST_04/01092.jpg -1 -1 -1 1 -1 -1 -1 -1 -1 -1
MST_04/01093.jpg -1 -1 -1 1 -1 -1 -1 -1 -1 -1
MST_04/01094.jpg -1 -1 -1 1 -1 -1 -1 -1 -1 -1
MST_04/01095.jpg -1 -1 -1 1 -1 -1 -1 -1 -1 -1
MST_04/01096.jpg -1 -1 -1 1 -1 -1 -1 -1 -1 -1
MST_04/01097.jpg -1 -1 -1 1 -1 -1 -1 -1 -1 -1
MST_04/01098.jpg -1 -1 -1 1 -1 -1 -1 -1 -1 -1
MST_04/01099.jpg -1 -1 -1 1 -1 -1 -1 -1 -1 -1
MST_04/01101.jpg -1 -1 -1 1 -1 -1 -1 -1 -1 -1
MST_04/01102.jpg -1 -1 -1 1 -1 -1 -1 -1 -1 -1
MST_04/01103.jpg -1 -1 -1 1 -1 -1 -1 -1 -1 -1
MST_04/01104.jpg -1 -1 -1 1 -1 -1 -1 -1 -1 -1
MST_04/01105.jpg -1 -1 -1 1 -1 -1 -1 -1 -1 -1
MST_04/01106.jpg -1 -1 -1 1 -1 -1 -1 -1 -1 -1
MST_04/01108.jpg -1 -1 -1 1 -1 -1 -1 -1 -1 -1
MST_04/01109.jpg -1 -1 -1 1 -1 -1 -1 -1 -1 -1
MST_04/01111.jpg -1 -1 -1 1 -1 -1 -1 -1 -1 -1
MST_04/01112.jpg -1 -1 -1 1 -1 -1 -1 -1 -1 -1
MST_04/01113.jpg -1 -1 -1 1 -1 -1 -1 -1 -1 -1
MST_04/01115.jpg -1 -1 -1 1 -1 -1 -1 -1 -1 -1
MST_04/01116.jpg -1 -1 -1 1 -1 -1 -1 -1 -1 -1
MST_04/01117.jpg -1 -1 -1 1 -1 -1 -1 -1 -1 -1
MST_04/01118.jpg -1 -1 -1 1 -1 -1 -1 -1 -1 -1
MST_04/01119.jpg -1 -1 -1 1 -1 -1 -1 -1 -1 -1
MST_04/01120.jpg -1 -1 -1 1 -1 -1 -1 -1 -1 -1
MST_04/01121.jpg -1 -1 -1 1 -1 -1 -1 -1 -1 -1
MST_04/01122.jpg -1 -1 -1 1 -1 -1 -1 -1 -1 -1
MST_04/01123.jpg -1 -1 -1 1 -1 -1 -1 -1 -1 -1
MST_04/01124.jpg -1 -1 -1 1 -1 -1 -1 -1 -1 -1
MST_04/01125.jpg -1 -1 -1 1 -1 -1 -1 -1 -1 -1
MST_04/01126.jpg -1 -1 -1 1 -1 -1 -1 -1 -1 -1
MST_04/01127.jpg -1 -1 -1 1 -1 -1 -1 -1 -1 -1
MST_04/01128.jpg -1 -1 -1 1 -1 -1 -1 -1 -1 -1
MST_04/01129.jpg -1 -1 -1 1 -1 -1 -1 -1 -1 -1
MST_04/01131.jpg -1 -1 -1 1 -1 -1 -1 -1 -1 -1
MST_04/01133.jpg -1 -1 -1 1 -1 -1 -1 -1 -1 -1
MST_04/01135.jpg -1 -1 -1 1 -1 -1 -1 -1 -1 -1
MST_04/01136.jpg -1 -1 -1 1 -1 -1 -1 -1 -1 -1
MST_04/01137.jpg -1 -1 -1 1 -1 -1 -1 -1 -1 -1
MST_04/01139.jpg -1 -1 -1 1 -1 -1 -1 -1 -1 -1
MST_04/01141.jpg -1 -1 -1 1 -1 -1 -1 -1 -1 -1
MST_04/01142.jpg -1 -1 -1 1 -1 -1 -1 -1 -1 -1
MST_04/01143.jpg -1 -1 -1 1 -1 -1 -1 -1 -1 -1
MST_04/01145.jpg -1 -1 -1 1 -1 -1 -1 -1 -1 -1
MST_04/01146.jpg -1 -1 -1 1 -1 -1 -1 -1 -1 -1
MST_04/01147.jpg -1 -1 -1 1 -1 -1 -1 -1 -1 -1
MST_04/01148.jpg -1 -1 -1 1 -1 -1 -1 -1 -1 -1
MST_04/01149.jpg -1 -1 -1 1 -1 -1 -1 -1 -1 -1
MST_04/01150.jpg -1 -1 -1 1 -1 -1 -1 -1 -1 -1
MST_04/01153.jpg -1 -1 -1 1 -1 -1 -1 -1 -1 -1
MST_04/01155.jpg -1 -1 -1 1 -1 -1 -1 -1 -1 -1
MST_04/01156.jpg -1 -1 -1 1 -1 -1 -1 -1 -1 -1
MST_04/01158.jpg -1 -1 -1 1 -1 -1 -1 -1 -1 -1
MST_04/01159.jpg -1 -1 -1 1 -1 -1 -1 -1 -1 -1
MST_04/01160.jpg -1 -1 -1 1 -1 -1 -1 -1 -1 -1
MST_04/01161.jpg -1 -1 -1 1 -1 -1 -1 -1 -1 -1
MST_04/01162.jpg -1 -1 -1 1 -1 -1 -1 -1 -1 -1
MST_04/01163.jpg -1 -1 -1 1 -1 -1 -1 -1 -1 -1
MST_04/01164.jpg -1 -1 -1 1 -1 -1 -1 -1 -1 -1
MST_04/01165.jpg -1 -1 -1 1 -1 -1 -1 -1 -1 -1
MST_04/01166.jpg -1 -1 -1 1 -1 -1 -1 -1 -1 -1
MST_04/01167.jpg -1 -1 -1 1 -1 -1 -1 -1 -1 -1
MST_04/01168.jpg -1 -1 -1 1 -1 -1 -1 -1 -1 -1
MST_04/01169.jpg -1 -1 -1 1 -1 -1 -1 -1 -1 -1
MST_04/01174.jpg -1 -1 -1 1 -1 -1 -1 -1 -1 -1
MST_04/01177.jpg -1 -1 -1 1 -1 -1 -1 -1 -1 -1
MST_04/01179.jpg -1 -1 -1 1 -1 -1 -1 -1 -1 -1
MST_04/01180.jpg -1 -1 -1 1 -1 -1 -1 -1 -1 -1
MST_04/01181.jpg -1 -1 -1 1 -1 -1 -1 -1 -1 -1
MST_04/01182.jpg -1 -1 -1 1 -1 -1 -1 -1 -1 -1
MST_04/01183.jpg -1 -1 -1 1 -1 -1 -1 -1 -1 -1
MST_04/01184.jpg -1 -1 -1 1 -1 -1 -1 -1 -1 -1
MST_04/01185.jpg -1 -1 -1 1 -1 -1 -1 -1 -1 -1
MST_04/01186.jpg -1 -1 -1 1 -1 -1 -1 -1 -1 -1
MST_04/01187.jpg -1 -1 -1 1 -1 -1 -1 -1 -1 -1
MST_04/01188.jpg -1 -1 -1 1 -1 -1 -1 -1 -1 -1
MST_04/01189.jpg -1 -1 -1 1 -1 -1 -1 -1 -1 -1
MST_04/01190.jpg -1 -1 -1 1 -1 -1 -1 -1 -1 -1
MST_04/01191.jpg -1 -1 -1 1 -1 -1 -1 -1 -1 -1
MST_04/01192.jpg -1 -1 -1 1 -1 -1 -1 -1 -1 -1
MST_04/01193.jpg -1 -1 -1 1 -1 -1 -1 -1 -1 -1
MST_04/01194.jpg -1 -1 -1 1 -1 -1 -1 -1 -1 -1
MST_04/01195.jpg -1 -1 -1 1 -1 -1 -1 -1 -1 -1
MST_04/01197.jpg -1 -1 -1 1 -1 -1 -1 -1 -1 -1
MST_04/01198.jpg -1 -1 -1 1 -1 -1 -1 -1 -1 -1
MST_04/01199.jpg -1 -1 -1 1 -1 -1 -1 -1 -1 -1
MST_04/01200.jpg -1 -1 -1 1 -1 -1 -1 -1 -1 -1
MST_04/01201.jpg -1 -1 -1 1 -1 -1 -1 -1 -1 -1
MST_04/01202.jpg -1 -1 -1 1 -1 -1 -1 -1 -1 -1
MST_04/01203.jpg -1 -1 -1 1 -1 -1 -1 -1 -1 -1
MST_04/01206.jpg -1 -1 -1 1 -1 -1 -1 -1 -1 -1
MST_04/01208.jpg -1 -1 -1 1 -1 -1 -1 -1 -1 -1
MST_04/01209.jpg -1 -1 -1 1 -1 -1 -1 -1 -1 -1
MST_04/01210.jpg -1 -1 -1 1 -1 -1 -1 -1 -1 -1
MST_04/01211.jpg -1 -1 -1 1 -1 -1 -1 -1 -1 -1
MST_04/01214.jpg -1 -1 -1 1 -1 -1 -1 -1 -1 -1
MST_04/01215.jpg -1 -1 -1 1 -1 -1 -1 -1 -1 -1
MST_04/01216.jpg -1 -1 -1 1 -1 -1 -1 -1 -1 -1
MST_04/01220.jpg -1 -1 -1 1 -1 -1 -1 -1 -1 -1
MST_04/01221.jpg -1 -1 -1 1 -1 -1 -1 -1 -1 -1
MST_04/01222.jpg -1 -1 -1 1 -1 -1 -1 -1 -1 -1
MST_04/01224.jpg -1 -1 -1 1 -1 -1 -1 -1 -1 -1
MST_04/01225.jpg -1 -1 -1 1 -1 -1 -1 -1 -1 -1
MST_04/01228.jpg -1 -1 -1 1 -1 -1 -1 -1 -1 -1
MST_04/01229.jpg -1 -1 -1 1 -1 -1 -1 -1 -1 -1
MST_04/01230.jpg -1 -1 -1 1 -1 -1 -1 -1 -1 -1
MST_04/01231.jpg -1 -1 -1 1 -1 -1 -1 -1 -1 -1
MST_04/01232.jpg -1 -1 -1 1 -1 -1 -1 -1 -1 -1
MST_04/01233.jpg -1 -1 -1 1 -1 -1 -1 -1 -1 -1
MST_04/01234.jpg -1 -1 -1 1 -1 -1 -1 -1 -1 -1
MST_04/01235.jpg -1 -1 -1 1 -1 -1 -1 -1 -1 -1
MST_04/01236.jpg -1 -1 -1 1 -1 -1 -1 -1 -1 -1
MST_04/01237.jpg -1 -1 -1 1 -1 -1 -1 -1 -1 -1
MST_04/01238.jpg -1 -1 -1 1 -1 -1 -1 -1 -1 -1
MST_04/01239.jpg -1 -1 -1 1 -1 -1 -1 -1 -1 -1
MST_04/01240.jpg -1 -1 -1 1 -1 -1 -1 -1 -1 -1
MST_04/01241.jpg -1 -1 -1 1 -1 -1 -1 -1 -1 -1
MST_04/01242.jpg -1 -1 -1 1 -1 -1 -1 -1 -1 -1
MST_04/01244.jpg -1 -1 -1 1 -1 -1 -1 -1 -1 -1
MST_04/01245.jpg -1 -1 -1 1 -1 -1 -1 -1 -1 -1
MST_04/01246.jpg -1 -1 -1 1 -1 -1 -1 -1 -1 -1
MST_04/01247.jpg -1 -1 -1 1 -1 -1 -1 -1 -1 -1
MST_04/01248.jpg -1 -1 -1 1 -1 -1 -1 -1 -1 -1
MST_04/01250.jpg -1 -1 -1 1 -1 -1 -1 -1 -1 -1
MST_04/01252.jpg -1 -1 -1 1 -1 -1 -1 -1 -1 -1
MST_04/01253.jpg -1 -1 -1 1 -1 -1 -1 -1 -1 -1
MST_04/01254.jpg -1 -1 -1 1 -1 -1 -1 -1 -1 -1
MST_04/01255.jpg -1 -1 -1 1 -1 -1 -1 -1 -1 -1
MST_04/01256.jpg -1 -1 -1 1 -1 -1 -1 -1 -1 -1
MST_04/01257.jpg -1 -1 -1 1 -1 -1 -1 -1 -1 -1
MST_04/01258.jpg -1 -1 -1 1 -1 -1 -1 -1 -1 -1
MST_04/01259.jpg -1 -1 -1 1 -1 -1 -1 -1 -1 -1
MST_04/01260.jpg -1 -1 -1 1 -1 -1 -1 -1 -1 -1
MST_04/01262.jpg -1 -1 -1 1 -1 -1 -1 -1 -1 -1
MST_04/01263.jpg -1 -1 -1 1 -1 -1 -1 -1 -1 -1
MST_04/01264.jpg -1 -1 -1 1 -1 -1 -1 -1 -1 -1
MST_04/01266.jpg -1 -1 -1 1 -1 -1 -1 -1 -1 -1
MST_04/01267.jpg -1 -1 -1 1 -1 -1 -1 -1 -1 -1
MST_04/01268.jpg -1 -1 -1 1 -1 -1 -1 -1 -1 -1
MST_04/01269.jpg -1 -1 -1 1 -1 -1 -1 -1 -1 -1
MST_04/01272.jpg -1 -1 -1 1 -1 -1 -1 -1 -1 -1
MST_04/01273.jpg -1 -1 -1 1 -1 -1 -1 -1 -1 -1
MST_04/01274.jpg -1 -1 -1 1 -1 -1 -1 -1 -1 -1
MST_04/01276.jpg -1 -1 -1 1 -1 -1 -1 -1 -1 -1
MST_04/01278.jpg -1 -1 -1 1 -1 -1 -1 -1 -1 -1
MST_04/01279.jpg -1 -1 -1 1 -1 -1 -1 -1 -1 -1
MST_04/01281.jpg -1 -1 -1 1 -1 -1 -1 -1 -1 -1
MST_04/01282.jpg -1 -1 -1 1 -1 -1 -1 -1 -1 -1
MST_04/01284.jpg -1 -1 -1 1 -1 -1 -1 -1 -1 -1
MST_04/01285.jpg -1 -1 -1 1 -1 -1 -1 -1 -1 -1
MST_04/01286.jpg -1 -1 -1 1 -1 -1 -1 -1 -1 -1
MST_04/01287.jpg -1 -1 -1 1 -1 -1 -1 -1 -1 -1
MST_04/01289.jpg -1 -1 -1 1 -1 -1 -1 -1 -1 -1
MST_04/01290.jpg -1 -1 -1 1 -1 -1 -1 -1 -1 -1
MST_04/01292.jpg -1 -1 -1 1 -1 -1 -1 -1 -1 -1
MST_04/01293.jpg -1 -1 -1 1 -1 -1 -1 -1 -1 -1
MST_04/01294.jpg -1 -1 -1 1 -1 -1 -1 -1 -1 -1
MST_04/01295.jpg -1 -1 -1 1 -1 -1 -1 -1 -1 -1
MST_04/01296.jpg -1 -1 -1 1 -1 -1 -1 -1 -1 -1
MST_04/01298.jpg -1 -1 -1 1 -1 -1 -1 -1 -1 -1
MST_04/01301.jpg -1 -1 -1 1 -1 -1 -1 -1 -1 -1
MST_04/01302.jpg -1 -1 -1 1 -1 -1 -1 -1 -1 -1
MST_04/01303.jpg -1 -1 -1 1 -1 -1 -1 -1 -1 -1
MST_04/01304.jpg -1 -1 -1 1 -1 -1 -1 -1 -1 -1
MST_04/01305.jpg -1 -1 -1 1 -1 -1 -1 -1 -1 -1
MST_04/01307.jpg -1 -1 -1 1 -1 -1 -1 -1 -1 -1
MST_04/01308.jpg -1 -1 -1 1 -1 -1 -1 -1 -1 -1
MST_04/01309.jpg -1 -1 -1 1 -1 -1 -1 -1 -1 -1
MST_04/01310.jpg -1 -1 -1 1 -1 -1 -1 -1 -1 -1
MST_04/01311.jpg -1 -1 -1 1 -1 -1 -1 -1 -1 -1
MST_04/01313.jpg -1 -1 -1 1 -1 -1 -1 -1 -1 -1
MST_04/01314.jpg -1 -1 -1 1 -1 -1 -1 -1 -1 -1
MST_04/01315.jpg -1 -1 -1 1 -1 -1 -1 -1 -1 -1
MST_04/01316.jpg -1 -1 -1 1 -1 -1 -1 -1 -1 -1
MST_04/01317.jpg -1 -1 -1 1 -1 -1 -1 -1 -1 -1
MST_04/01318.jpg -1 -1 -1 1 -1 -1 -1 -1 -1 -1
MST_04/01319.jpg -1 -1 -1 1 -1 -1 -1 -1 -1 -1
MST_04/01320.jpg -1 -1 -1 1 -1 -1 -1 -1 -1 -1
MST_04/01321.jpg -1 -1 -1 1 -1 -1 -1 -1 -1 -1
MST_04/01322.jpg -1 -1 -1 1 -1 -1 -1 -1 -1 -1
MST_04/01323.jpg -1 -1 -1 1 -1 -1 -1 -1 -1 -1
MST_04/01325.jpg -1 -1 -1 1 -1 -1 -1 -1 -1 -1
MST_04/01327.jpg -1 -1 -1 1 -1 -1 -1 -1 -1 -1
MST_04/01329.jpg -1 -1 -1 1 -1 -1 -1 -1 -1 -1
MST_04/01330.jpg -1 -1 -1 1 -1 -1 -1 -1 -1 -1
MST_04/01331.jpg -1 -1 -1 1 -1 -1 -1 -1 -1 -1
MST_04/01332.jpg -1 -1 -1 1 -1 -1 -1 -1 -1 -1
MST_04/01333.jpg -1 -1 -1 1 -1 -1 -1 -1 -1 -1
MST_04/01334.jpg -1 -1 -1 1 -1 -1 -1 -1 -1 -1
MST_04/01336.jpg -1 -1 -1 1 -1 -1 -1 -1 -1 -1
MST_04/01337.jpg -1 -1 -1 1 -1 -1 -1 -1 -1 -1
MST_04/01338.jpg -1 -1 -1 1 -1 -1 -1 -1 -1 -1
MST_04/01340.jpg -1 -1 -1 1 -1 -1 -1 -1 -1 -1
MST_04/01341.jpg -1 -1 -1 1 -1 -1 -1 -1 -1 -1
MST_04/01343.jpg -1 -1 -1 1 -1 -1 -1 -1 -1 -1
MST_04/01344.jpg -1 -1 -1 1 -1 -1 -1 -1 -1 -1
MST_04/01345.jpg -1 -1 -1 1 -1 -1 -1 -1 -1 -1
MST_04/01346.jpg -1 -1 -1 1 -1 -1 -1 -1 -1 -1
MST_04/01348.jpg -1 -1 -1 1 -1 -1 -1 -1 -1 -1
MST_04/01349.jpg -1 -1 -1 1 -1 -1 -1 -1 -1 -1
MST_04/01350.jpg -1 -1 -1 1 -1 -1 -1 -1 -1 -1
MST_04/01351.jpg -1 -1 -1 1 -1 -1 -1 -1 -1 -1
MST_04/01352.jpg -1 -1 -1 1 -1 -1 -1 -1 -1 -1
MST_04/01353.jpg -1 -1 -1 1 -1 -1 -1 -1 -1 -1
MST_04/01354.jpg -1 -1 -1 1 -1 -1 -1 -1 -1 -1
MST_04/01355.jpg -1 -1 -1 1 -1 -1 -1 -1 -1 -1
MST_04/01356.jpg -1 -1 -1 1 -1 -1 -1 -1 -1 -1
MST_04/01358.jpg -1 -1 -1 1 -1 -1 -1 -1 -1 -1
MST_04/01359.jpg -1 -1 -1 1 -1 -1 -1 -1 -1 -1
MST_04/01361.jpg -1 -1 -1 1 -1 -1 -1 -1 -1 -1
MST_04/01362.jpg -1 -1 -1 1 -1 -1 -1 -1 -1 -1
MST_04/01363.jpg -1 -1 -1 1 -1 -1 -1 -1 -1 -1
MST_04/01364.jpg -1 -1 -1 1 -1 -1 -1 -1 -1 -1
MST_04/01365.jpg -1 -1 -1 1 -1 -1 -1 -1 -1 -1
MST_04/01366.jpg -1 -1 -1 1 -1 -1 -1 -1 -1 -1
MST_04/01368.jpg -1 -1 -1 1 -1 -1 -1 -1 -1 -1
MST_04/01369.jpg -1 -1 -1 1 -1 -1 -1 -1 -1 -1
MST_04/01371.jpg -1 -1 -1 1 -1 -1 -1 -1 -1 -1
MST_04/01372.jpg -1 -1 -1 1 -1 -1 -1 -1 -1 -1
MST_04/01374.jpg -1 -1 -1 1 -1 -1 -1 -1 -1 -1
MST_04/01376.jpg -1 -1 -1 1 -1 -1 -1 -1 -1 -1
MST_04/01377.jpg -1 -1 -1 1 -1 -1 -1 -1 -1 -1
MST_04/01379.jpg -1 -1 -1 1 -1 -1 -1 -1 -1 -1
MST_04/01380.jpg -1 -1 -1 1 -1 -1 -1 -1 -1 -1
MST_04/01382.jpg -1 -1 -1 1 -1 -1 -1 -1 -1 -1
MST_04/01383.jpg -1 -1 -1 1 -1 -1 -1 -1 -1 -1
MST_04/01384.jpg -1 -1 -1 1 -1 -1 -1 -1 -1 -1
MST_04/01385.jpg -1 -1 -1 1 -1 -1 -1 -1 -1 -1
MST_04/01386.jpg -1 -1 -1 1 -1 -1 -1 -1 -1 -1
MST_04/01387.jpg -1 -1 -1 1 -1 -1 -1 -1 -1 -1
MST_04/01388.jpg -1 -1 -1 1 -1 -1 -1 -1 -1 -1
MST_04/01389.jpg -1 -1 -1 1 -1 -1 -1 -1 -1 -1
MST_04/01390.jpg -1 -1 -1 1 -1 -1 -1 -1 -1 -1
MST_04/01391.jpg -1 -1 -1 1 -1 -1 -1 -1 -1 -1
MST_04/01392.jpg -1 -1 -1 1 -1 -1 -1 -1 -1 -1
MST_04/01393.jpg -1 -1 -1 1 -1 -1 -1 -1 -1 -1
MST_04/01394.jpg -1 -1 -1 1 -1 -1 -1 -1 -1 -1
MST_04/01397.jpg -1 -1 -1 1 -1 -1 -1 -1 -1 -1
MST_04/01401.jpg -1 -1 -1 1 -1 -1 -1 -1 -1 -1
MST_04/01402.jpg -1 -1 -1 1 -1 -1 -1 -1 -1 -1
MST_04/01403.jpg -1 -1 -1 1 -1 -1 -1 -1 -1 -1
MST_04/01404.jpg -1 -1 -1 1 -1 -1 -1 -1 -1 -1
MST_04/01405.jpg -1 -1 -1 1 -1 -1 -1 -1 -1 -1
MST_04/01406.jpg -1 -1 -1 1 -1 -1 -1 -1 -1 -1
MST_04/01407.jpg -1 -1 -1 1 -1 -1 -1 -1 -1 -1
MST_04/01408.jpg -1 -1 -1 1 -1 -1 -1 -1 -1 -1
MST_04/01409.jpg -1 -1 -1 1 -1 -1 -1 -1 -1 -1
MST_04/01410.jpg -1 -1 -1 1 -1 -1 -1 -1 -1 -1
MST_04/01411.jpg -1 -1 -1 1 -1 -1 -1 -1 -1 -1
MST_04/01412.jpg -1 -1 -1 1 -1 -1 -1 -1 -1 -1
MST_04/01413.jpg -1 -1 -1 1 -1 -1 -1 -1 -1 -1
MST_04/01414.jpg -1 -1 -1 1 -1 -1 -1 -1 -1 -1
MST_04/01415.jpg -1 -1 -1 1 -1 -1 -1 -1 -1 -1
MST_04/01416.jpg -1 -1 -1 1 -1 -1 -1 -1 -1 -1
MST_04/01418.jpg -1 -1 -1 1 -1 -1 -1 -1 -1 -1
MST_04/01419.jpg -1 -1 -1 1 -1 -1 -1 -1 -1 -1
MST_04/01420.jpg -1 -1 -1 1 -1 -1 -1 -1 -1 -1
MST_04/01421.jpg -1 -1 -1 1 -1 -1 -1 -1 -1 -1
MST_04/01422.jpg -1 -1 -1 1 -1 -1 -1 -1 -1 -1
MST_04/01423.jpg -1 -1 -1 1 -1 -1 -1 -1 -1 -1
MST_04/01424.jpg -1 -1 -1 1 -1 -1 -1 -1 -1 -1
MST_04/01425.jpg -1 -1 -1 1 -1 -1 -1 -1 -1 -1
MST_04/01426.jpg -1 -1 -1 1 -1 -1 -1 -1 -1 -1
MST_04/01427.jpg -1 -1 -1 1 -1 -1 -1 -1 -1 -1
MST_04/01429.jpg -1 -1 -1 1 -1 -1 -1 -1 -1 -1
MST_04/01430.jpg -1 -1 -1 1 -1 -1 -1 -1 -1 -1
MST_04/01432.jpg -1 -1 -1 1 -1 -1 -1 -1 -1 -1
MST_04/01433.jpg -1 -1 -1 1 -1 -1 -1 -1 -1 -1
MST_04/01434.jpg -1 -1 -1 1 -1 -1 -1 -1 -1 -1
MST_04/01435.jpg -1 -1 -1 1 -1 -1 -1 -1 -1 -1
MST_04/01437.jpg -1 -1 -1 1 -1 -1 -1 -1 -1 -1
MST_04/01439.jpg -1 -1 -1 1 -1 -1 -1 -1 -1 -1
MST_04/01440.jpg -1 -1 -1 1 -1 -1 -1 -1 -1 -1
MST_04/01442.jpg -1 -1 -1 1 -1 -1 -1 -1 -1 -1
MST_04/01443.jpg -1 -1 -1 1 -1 -1 -1 -1 -1 -1
MST_04/01444.jpg -1 -1 -1 1 -1 -1 -1 -1 -1 -1
MST_04/01445.jpg -1 -1 -1 1 -1 -1 -1 -1 -1 -1
MST_04/01446.jpg -1 -1 -1 1 -1 -1 -1 -1 -1 -1
MST_04/01447.jpg -1 -1 -1 1 -1 -1 -1 -1 -1 -1
MST_04/01448.jpg -1 -1 -1 1 -1 -1 -1 -1 -1 -1
MST_04/01449.jpg -1 -1 -1 1 -1 -1 -1 -1 -1 -1
MST_04/01450.jpg -1 -1 -1 1 -1 -1 -1 -1 -1 -1
MST_04/01451.jpg -1 -1 -1 1 -1 -1 -1 -1 -1 -1
MST_04/01452.jpg -1 -1 -1 1 -1 -1 -1 -1 -1 -1
MST_04/01453.jpg -1 -1 -1 1 -1 -1 -1 -1 -1 -1
MST_04/01454.jpg -1 -1 -1 1 -1 -1 -1 -1 -1 -1
MST_04/01456.jpg -1 -1 -1 1 -1 -1 -1 -1 -1 -1
MST_04/01457.jpg -1 -1 -1 1 -1 -1 -1 -1 -1 -1
MST_04/01458.jpg -1 -1 -1 1 -1 -1 -1 -1 -1 -1
MST_04/01459.jpg -1 -1 -1 1 -1 -1 -1 -1 -1 -1
MST_04/01460.jpg -1 -1 -1 1 -1 -1 -1 -1 -1 -1
MST_04/01462.jpg -1 -1 -1 1 -1 -1 -1 -1 -1 -1
MST_04/01464.jpg -1 -1 -1 1 -1 -1 -1 -1 -1 -1
MST_04/01465.jpg -1 -1 -1 1 -1 -1 -1 -1 -1 -1
MST_04/01466.jpg -1 -1 -1 1 -1 -1 -1 -1 -1 -1
MST_04/01468.jpg -1 -1 -1 1 -1 -1 -1 -1 -1 -1
MST_04/01469.jpg -1 -1 -1 1 -1 -1 -1 -1 -1 -1
MST_04/01470.jpg -1 -1 -1 1 -1 -1 -1 -1 -1 -1
MST_04/01472.jpg -1 -1 -1 1 -1 -1 -1 -1 -1 -1
MST_04/01473.jpg -1 -1 -1 1 -1 -1 -1 -1 -1 -1
MST_04/01475.jpg -1 -1 -1 1 -1 -1 -1 -1 -1 -1
MST_04/01476.jpg -1 -1 -1 1 -1 -1 -1 -1 -1 -1
MST_04/01477.jpg -1 -1 -1 1 -1 -1 -1 -1 -1 -1
MST_04/01479.jpg -1 -1 -1 1 -1 -1 -1 -1 -1 -1
MST_04/01480.jpg -1 -1 -1 1 -1 -1 -1 -1 -1 -1
MST_04/01481.jpg -1 -1 -1 1 -1 -1 -1 -1 -1 -1
MST_04/01482.jpg -1 -1 -1 1 -1 -1 -1 -1 -1 -1
MST_04/01484.jpg -1 -1 -1 1 -1 -1 -1 -1 -1 -1
MST_04/01485.jpg -1 -1 -1 1 -1 -1 -1 -1 -1 -1
MST_04/01486.jpg -1 -1 -1 1 -1 -1 -1 -1 -1 -1
MST_04/01487.jpg -1 -1 -1 1 -1 -1 -1 -1 -1 -1
MST_04/01488.jpg -1 -1 -1 1 -1 -1 -1 -1 -1 -1
MST_04/01489.jpg -1 -1 -1 1 -1 -1 -1 -1 -1 -1
MST_04/01491.jpg -1 -1 -1 1 -1 -1 -1 -1 -1 -1
MST_04/01492.jpg -1 -1 -1 1 -1 -1 -1 -1 -1 -1
MST_04/01493.jpg -1 -1 -1 1 -1 -1 -1 -1 -1 -1
MST_04/01494.jpg -1 -1 -1 1 -1 -1 -1 -1 -1 -1
MST_04/01495.jpg -1 -1 -1 1 -1 -1 -1 -1 -1 -1
MST_04/01497.jpg -1 -1 -1 1 -1 -1 -1 -1 -1 -1
MST_04/01498.jpg -1 -1 -1 1 -1 -1 -1 -1 -1 -1
MST_04/01499.jpg -1 -1 -1 1 -1 -1 -1 -1 -1 -1
MST_04/01500.jpg -1 -1 -1 1 -1 -1 -1 -1 -1 -1
MST_04/01501.jpg -1 -1 -1 1 -1 -1 -1 -1 -1 -1
MST_04/01502.jpg -1 -1 -1 1 -1 -1 -1 -1 -1 -1
MST_04/01503.jpg -1 -1 -1 1 -1 -1 -1 -1 -1 -1
MST_04/01504.jpg -1 -1 -1 1 -1 -1 -1 -1 -1 -1
MST_04/01505.jpg -1 -1 -1 1 -1 -1 -1 -1 -1 -1
MST_04/01506.jpg -1 -1 -1 1 -1 -1 -1 -1 -1 -1
MST_04/01507.jpg -1 -1 -1 1 -1 -1 -1 -1 -1 -1
MST_04/01508.jpg -1 -1 -1 1 -1 -1 -1 -1 -1 -1
MST_04/01511.jpg -1 -1 -1 1 -1 -1 -1 -1 -1 -1
MST_04/01515.jpg -1 -1 -1 1 -1 -1 -1 -1 -1 -1
MST_04/01516.jpg -1 -1 -1 1 -1 -1 -1 -1 -1 -1
MST_04/01517.jpg -1 -1 -1 1 -1 -1 -1 -1 -1 -1
MST_04/01518.jpg -1 -1 -1 1 -1 -1 -1 -1 -1 -1
MST_04/01520.jpg -1 -1 -1 1 -1 -1 -1 -1 -1 -1
MST_04/01521.jpg -1 -1 -1 1 -1 -1 -1 -1 -1 -1
MST_04/01522.jpg -1 -1 -1 1 -1 -1 -1 -1 -1 -1
MST_04/01523.jpg -1 -1 -1 1 -1 -1 -1 -1 -1 -1
MST_04/01524.jpg -1 -1 -1 1 -1 -1 -1 -1 -1 -1
MST_04/01525.jpg -1 -1 -1 1 -1 -1 -1 -1 -1 -1
MST_04/01526.jpg -1 -1 -1 1 -1 -1 -1 -1 -1 -1
MST_04/01527.jpg -1 -1 -1 1 -1 -1 -1 -1 -1 -1
MST_04/01529.jpg -1 -1 -1 1 -1 -1 -1 -1 -1 -1
MST_04/01530.jpg -1 -1 -1 1 -1 -1 -1 -1 -1 -1
MST_04/01531.jpg -1 -1 -1 1 -1 -1 -1 -1 -1 -1
MST_04/01532.jpg -1 -1 -1 1 -1 -1 -1 -1 -1 -1
MST_04/01533.jpg -1 -1 -1 1 -1 -1 -1 -1 -1 -1
MST_04/01534.jpg -1 -1 -1 1 -1 -1 -1 -1 -1 -1
MST_04/01535.jpg -1 -1 -1 1 -1 -1 -1 -1 -1 -1
MST_04/01536.jpg -1 -1 -1 1 -1 -1 -1 -1 -1 -1
MST_04/01537.jpg -1 -1 -1 1 -1 -1 -1 -1 -1 -1
MST_04/01538.jpg -1 -1 -1 1 -1 -1 -1 -1 -1 -1
MST_04/01539.jpg -1 -1 -1 1 -1 -1 -1 -1 -1 -1
MST_04/01540.jpg -1 -1 -1 1 -1 -1 -1 -1 -1 -1
MST_04/01541.jpg -1 -1 -1 1 -1 -1 -1 -1 -1 -1
MST_04/01542.jpg -1 -1 -1 1 -1 -1 -1 -1 -1 -1
MST_04/01544.jpg -1 -1 -1 1 -1 -1 -1 -1 -1 -1
MST_04/01547.jpg -1 -1 -1 1 -1 -1 -1 -1 -1 -1
MST_04/01548.jpg -1 -1 -1 1 -1 -1 -1 -1 -1 -1
MST_04/01549.jpg -1 -1 -1 1 -1 -1 -1 -1 -1 -1
MST_04/01550.jpg -1 -1 -1 1 -1 -1 -1 -1 -1 -1
MST_04/01551.jpg -1 -1 -1 1 -1 -1 -1 -1 -1 -1
MST_04/01553.jpg -1 -1 -1 1 -1 -1 -1 -1 -1 -1
MST_04/01554.jpg -1 -1 -1 1 -1 -1 -1 -1 -1 -1
MST_04/01557.jpg -1 -1 -1 1 -1 -1 -1 -1 -1 -1
MST_04/01558.jpg -1 -1 -1 1 -1 -1 -1 -1 -1 -1
MST_04/01559.jpg -1 -1 -1 1 -1 -1 -1 -1 -1 -1
MST_04/01560.jpg -1 -1 -1 1 -1 -1 -1 -1 -1 -1
MST_04/01561.jpg -1 -1 -1 1 -1 -1 -1 -1 -1 -1
MST_04/01564.jpg -1 -1 -1 1 -1 -1 -1 -1 -1 -1
MST_04/01565.jpg -1 -1 -1 1 -1 -1 -1 -1 -1 -1
MST_04/01566.jpg -1 -1 -1 1 -1 -1 -1 -1 -1 -1
MST_04/01567.jpg -1 -1 -1 1 -1 -1 -1 -1 -1 -1
MST_04/01568.jpg -1 -1 -1 1 -1 -1 -1 -1 -1 -1
MST_04/01569.jpg -1 -1 -1 1 -1 -1 -1 -1 -1 -1
MST_04/01570.jpg -1 -1 -1 1 -1 -1 -1 -1 -1 -1
MST_04/01573.jpg -1 -1 -1 1 -1 -1 -1 -1 -1 -1
MST_04/01575.jpg -1 -1 -1 1 -1 -1 -1 -1 -1 -1
MST_04/01576.jpg -1 -1 -1 1 -1 -1 -1 -1 -1 -1
MST_04/01577.jpg -1 -1 -1 1 -1 -1 -1 -1 -1 -1
MST_04/01578.jpg -1 -1 -1 1 -1 -1 -1 -1 -1 -1
MST_04/01579.jpg -1 -1 -1 1 -1 -1 -1 -1 -1 -1
MST_04/01580.jpg -1 -1 -1 1 -1 -1 -1 -1 -1 -1
MST_04/01581.jpg -1 -1 -1 1 -1 -1 -1 -1 -1 -1
MST_04/01582.jpg -1 -1 -1 1 -1 -1 -1 -1 -1 -1
MST_04/01583.jpg -1 -1 -1 1 -1 -1 -1 -1 -1 -1
MST_04/01585.jpg -1 -1 -1 1 -1 -1 -1 -1 -1 -1
MST_04/01586.jpg -1 -1 -1 1 -1 -1 -1 -1 -1 -1
MST_04/01587.jpg -1 -1 -1 1 -1 -1 -1 -1 -1 -1
MST_04/01588.jpg -1 -1 -1 1 -1 -1 -1 -1 -1 -1
MST_04/01589.jpg -1 -1 -1 1 -1 -1 -1 -1 -1 -1
MST_04/01591.jpg -1 -1 -1 1 -1 -1 -1 -1 -1 -1
MST_04/01592.jpg -1 -1 -1 1 -1 -1 -1 -1 -1 -1
MST_04/01593.jpg -1 -1 -1 1 -1 -1 -1 -1 -1 -1
MST_04/01595.jpg -1 -1 -1 1 -1 -1 -1 -1 -1 -1
MST_04/01596.jpg -1 -1 -1 1 -1 -1 -1 -1 -1 -1
MST_04/01598.jpg -1 -1 -1 1 -1 -1 -1 -1 -1 -1
MST_04/01599.jpg -1 -1 -1 1 -1 -1 -1 -1 -1 -1
MST_04/01601.jpg -1 -1 -1 1 -1 -1 -1 -1 -1 -1
MST_04/01602.jpg -1 -1 -1 1 -1 -1 -1 -1 -1 -1
MST_04/01603.jpg -1 -1 -1 1 -1 -1 -1 -1 -1 -1
MST_04/01604.jpg -1 -1 -1 1 -1 -1 -1 -1 -1 -1
MST_04/01605.jpg -1 -1 -1 1 -1 -1 -1 -1 -1 -1
MST_04/01606.jpg -1 -1 -1 1 -1 -1 -1 -1 -1 -1
MST_04/01609.jpg -1 -1 -1 1 -1 -1 -1 -1 -1 -1
MST_04/01610.jpg -1 -1 -1 1 -1 -1 -1 -1 -1 -1
MST_04/01613.jpg -1 -1 -1 1 -1 -1 -1 -1 -1 -1
MST_04/01614.jpg -1 -1 -1 1 -1 -1 -1 -1 -1 -1
MST_04/01615.jpg -1 -1 -1 1 -1 -1 -1 -1 -1 -1
MST_04/01616.jpg -1 -1 -1 1 -1 -1 -1 -1 -1 -1
MST_04/01619.jpg -1 -1 -1 1 -1 -1 -1 -1 -1 -1
MST_04/01621.jpg -1 -1 -1 1 -1 -1 -1 -1 -1 -1
MST_04/01623.jpg -1 -1 -1 1 -1 -1 -1 -1 -1 -1
MST_04/01628.jpg -1 -1 -1 1 -1 -1 -1 -1 -1 -1
MST_04/01633.jpg -1 -1 -1 1 -1 -1 -1 -1 -1 -1
MST_04/01635.jpg -1 -1 -1 1 -1 -1 -1 -1 -1 -1
MST_04/01636.jpg -1 -1 -1 1 -1 -1 -1 -1 -1 -1
MST_04/01637.jpg -1 -1 -1 1 -1 -1 -1 -1 -1 -1
MST_04/01638.jpg -1 -1 -1 1 -1 -1 -1 -1 -1 -1
MST_04/01640.jpg -1 -1 -1 1 -1 -1 -1 -1 -1 -1
MST_04/01641.jpg -1 -1 -1 1 -1 -1 -1 -1 -1 -1
MST_04/01642.jpg -1 -1 -1 1 -1 -1 -1 -1 -1 -1
MST_04/01643.jpg -1 -1 -1 1 -1 -1 -1 -1 -1 -1
MST_04/01644.jpg -1 -1 -1 1 -1 -1 -1 -1 -1 -1
MST_04/01645.jpg -1 -1 -1 1 -1 -1 -1 -1 -1 -1
MST_04/01648.jpg -1 -1 -1 1 -1 -1 -1 -1 -1 -1
MST_04/01649.jpg -1 -1 -1 1 -1 -1 -1 -1 -1 -1
MST_04/01650.jpg -1 -1 -1 1 -1 -1 -1 -1 -1 -1
MST_04/01651.jpg -1 -1 -1 1 -1 -1 -1 -1 -1 -1
MST_04/01652.jpg -1 -1 -1 1 -1 -1 -1 -1 -1 -1
MST_04/01653.jpg -1 -1 -1 1 -1 -1 -1 -1 -1 -1
MST_04/01654.jpg -1 -1 -1 1 -1 -1 -1 -1 -1 -1
MST_04/01655.jpg -1 -1 -1 1 -1 -1 -1 -1 -1 -1
MST_04/01656.jpg -1 -1 -1 1 -1 -1 -1 -1 -1 -1
MST_04/01657.jpg -1 -1 -1 1 -1 -1 -1 -1 -1 -1
MST_04/01658.jpg -1 -1 -1 1 -1 -1 -1 -1 -1 -1
MST_04/01660.jpg -1 -1 -1 1 -1 -1 -1 -1 -1 -1
MST_04/01662.jpg -1 -1 -1 1 -1 -1 -1 -1 -1 -1
MST_04/01665.jpg -1 -1 -1 1 -1 -1 -1 -1 -1 -1
MST_04/01666.jpg -1 -1 -1 1 -1 -1 -1 -1 -1 -1
MST_04/01667.jpg -1 -1 -1 1 -1 -1 -1 -1 -1 -1
MST_04/01668.jpg -1 -1 -1 1 -1 -1 -1 -1 -1 -1
MST_04/01670.jpg -1 -1 -1 1 -1 -1 -1 -1 -1 -1
MST_04/01671.jpg -1 -1 -1 1 -1 -1 -1 -1 -1 -1
MST_04/01675.jpg -1 -1 -1 1 -1 -1 -1 -1 -1 -1
MST_04/01676.jpg -1 -1 -1 1 -1 -1 -1 -1 -1 -1
MST_04/01677.jpg -1 -1 -1 1 -1 -1 -1 -1 -1 -1
MST_04/01678.jpg -1 -1 -1 1 -1 -1 -1 -1 -1 -1
MST_04/01679.jpg -1 -1 -1 1 -1 -1 -1 -1 -1 -1
MST_04/01680.jpg -1 -1 -1 1 -1 -1 -1 -1 -1 -1
MST_08/00142.jpg -1 -1 -1 -1 -1 -1 -1 1 -1 -1
MST_08/00537.jpg -1 -1 -1 -1 -1 -1 -1 1 -1 -1
MST_08/00791.jpg -1 -1 -1 -1 -1 -1 -1 1 -1 -1
MST_09/00025.jpg -1 -1 -1 -1 -1 -1 -1 -1 1 -1
